1.000000 2.000000
4.000000 4.000000
4.000000 1.000000
3.000000 1.000000
3.000000 5.000000
2.000000 5.000000
3.000000 2.000000
2.000000 4.000000
4.000000 4.000000
5.000000 5.000000
4.000000 4.000000
4.000000 2.000000
4.000000 1.000000
4.000000 1.000000
5.000000 1.000000
4.000000 5.000000
2.000000 2.000000
4.000000 1.000000
4.000000 4.000000
1.000000 4.000000
3.000000 1.000000
5.000000 4.000000
3.000000 3.000000
5.000000 2.000000
1.000000 1.000000
5.000000 1.000000
3.000000 1.000000
3.000000 4.000000
1.000000 1.000000
3.000000 5.000000
2.000000 5.000000
2.000000 3.000000
1.000000 5.000000
2.000000 5.000000
1.000000 4.000000
2.000000 3.000000
1.000000 1.000000
3.000000 5.000000
3.000000 2.000000
5.000000 1.000000
3.000000 5.000000
2.000000 2.000000
5.000000 2.000000
2.000000 2.000000
5.000000 5.000000
4.000000 4.000000
4.000000 1.000000
3.000000 1.000000
1.000000 3.000000
4.000000 3.000000
4.000000 4.000000
3.000000 2.000000
2.000000 1.000000
3.000000 4.000000
3.000000 2.000000
1.000000 5.000000
3.000000 5.000000
2.000000 2.000000
2.000000 1.000000
2.000000 5.000000
3.000000 2.000000
2.000000 4.000000
4.000000 2.000000
2.000000 5.000000
2.000000 3.000000
4.000000 2.000000
1.000000 2.000000
1.000000 1.000000
5.000000 2.000000
4.000000 4.000000
3.000000 2.000000
2.000000 4.000000
5.000000 2.000000
3.000000 3.000000
3.000000 3.000000
1.000000 2.000000
5.000000 4.000000
1.000000 2.000000
2.000000 1.000000
5.000000 5.000000
1.000000 2.000000
2.000000 3.000000
2.000000 4.000000
2.000000 4.000000
1.000000 2.000000
2.000000 4.000000
4.000000 3.000000
5.000000 2.000000
4.000000 3.000000
1.000000 2.000000
3.000000 3.000000
1.000000 2.000000
5.000000 1.000000
4.000000 3.000000
2.000000 1.000000
2.000000 3.000000
2.000000 3.000000
3.000000 4.000000
4.000000 1.000000
5.000000 2.000000

5.000000 1.000000
4.440030 1.196265
3.000000 1.000000
1.882766 1.193367
4.000000 1.000000
4.188413 1.470105
5.000000 1.000000
3.617699 2.700084
3.000000 1.000000
2.313272 1.420006
2.000000 1.000000
1.414986 1.467650
2.000000 1.000000
1.516944 1.445335
5.000000 2.000000
3.633683 1.440417
3.000000 2.000000
2.688313 2.708706
1.000000 2.000000
1.456713 2.436904
1.000000 2.000000
1.528198 2.274695
5.000000 2.000000
3.688556 1.564716
5.000000 2.000000
5.713533 2.446132
2.000000 4.000000
2.121724 2.570756
3.000000 2.000000
4.122125 1.146365
2.000000 2.000000
1.632848 2.086956
1.000000 5.000000
1.578278 2.753591
1.000000 2.000000
1.945724 1.532123
1.000000 1.000000
1.601798 1.056995
2.000000 3.000000
1.501301 2.464549
2.000000 3.000000
1.000000 2.000000
5.000000 2.000000
1.000000 2.000000
4.000000 2.000000
4.000000 2.000000
3.000000 2.000000
5.000000 2.000000
1.000000 5.000000
2.000000 3.000000
2.000000 2.000000
1.000000 4.000000
2.000000 5.000000
2.000000 4.000000
2.000000 3.000000
2.000000 5.000000
4.000000 3.000000
3.000000 3.000000
2.000000 3.000000
2.000000 4.000000
2.000000 2.000000
4.000000 1.000000
3.000000 4.000000
2.000000 5.000000
4.000000 4.000000
3.000000 5.000000
4.000000 4.000000
1.000000 2.000000
2.000000 2.000000
2.000000 5.000000
2.000000 3.000000
3.000000 3.000000
3.000000 3.000000
3.000000 5.000000
3.000000 1.000000
4.000000 3.000000
2.000000 4.000000
2.000000 4.000000
4.000000 4.000000
4.000000 4.000000
1.000000 4.000000
4.000000 5.000000
4.000000 4.000000
3.000000 2.000000
1.000000 1.000000
2.000000 4.000000
3.000000 5.000000
5.000000 4.000000
4.000000 1.000000
4.000000 1.000000
5.000000 4.000000
3.000000 2.000000
4.000000 4.000000
3.000000 4.000000
5.000000 1.000000
4.000000 3.000000
4.000000 1.000000
4.000000 4.000000
3.000000 5.000000
5.000000 2.000000

5.000000 1.000000
3.683738 1.218273
4.000000 1.000000
2.816592 1.037394
3.000000 1.000000
3.109896 1.337893
5.000000 1.000000
3.265203 0.999240
3.000000 1.000000
4.210451 1.356403
3.633683 1.440417
3.346908 2.978269
2.000000 1.000000
1.831461 2.063852
2.000000 1.000000
4.012417 0.861569
4.440030 1.196265
3.932986 1.555023
4.188413 1.470105
3.243891 1.178877
1.632848 2.086956
2.909774 1.768552
2.313272 1.420006
2.804985 1.599434
5.000000 2.000000
4.658879 1.775218
1.578278 2.753591
2.371880 2.607618
3.688556 1.564716
6.123075 0.661687
1.882766 1.193367
1.702984 2.071666
1.414986 1.467650
1.375836 1.088495
3.000000 2.000000
1.797498 2.648675
1.000000 2.000000
1.618731 1.674271
1.601798 1.056995
3.614145 1.097923
1.945724 1.532123
1.456713 2.436904
4.122125 1.146365
1.528198 2.274695
5.000000 2.000000
1.000000 2.000000
2.000000 2.000000
3.000000 2.000000
2.000000 4.000000
5.000000 2.000000
1.000000 5.000000
1.000000 1.000000
1.000000 2.000000
1.516944 1.445335
1.501301 2.464549
2.000000 3.000000
2.688313 2.708706
5.713533 2.446132
3.617699 2.700084
5.000000 2.000000
3.000000 2.000000
4.000000 2.000000
4.000000 2.000000
1.000000 2.000000
5.000000 2.000000
1.000000 2.000000
2.000000 3.000000
1.000000 5.000000
2.121724 2.570756
2.000000 3.000000
1.000000 4.000000
2.000000 2.000000
2.000000 5.000000
2.000000 4.000000
4.000000 3.000000
2.000000 5.000000
2.000000 3.000000
3.000000 3.000000
4.000000 1.000000
2.000000 2.000000
2.000000 4.000000
2.000000 3.000000
3.000000 4.000000
2.000000 5.000000
4.000000 4.000000
3.000000 5.000000
4.000000 4.000000
2.000000 3.000000
2.000000 5.000000
2.000000 2.000000
1.000000 2.000000
3.000000 1.000000
3.000000 5.000000
3.000000 3.000000
3.000000 3.000000
3.000000 2.000000
4.000000 4.000000
4.000000 5.000000
1.000000 4.000000
4.000000 4.000000

6.123075 0.661687
6.265293 0.606884
4.012417 0.861569
4.065673 0.865068
5.000000 1.000000
4.164768 1.512959
3.000000 1.000000
2.770292 1.090147
4.000000 1.000000
3.304491 0.979276
5.000000 1.000000
4.731507 1.140060
2.816592 1.037394
3.668873 1.011335
3.000000 1.000000
2.961519 1.498292
3.109896 1.337893
3.093326 1.218467
3.614145 1.097923
3.160270 0.965615
3.633683 1.440417
3.415986 1.692198
4.210451 1.356403
3.395976 1.120764
3.265203 0.999240
3.232520 0.931209
2.000000 1.000000
2.796184 0.967913
3.683738 1.218273
2.771444 0.953104
2.000000 1.000000
2.509509 1.416527
4.440030 1.196265
4.414707 1.384580
4.188413 1.470105
3.356843 1.331212
4.658879 1.775218
5.283450 1.139702
2.909774 1.768552
3.201255 1.386924
1.632848 2.086956
1.375836 1.088495
2.313272 1.420006
1.618731 1.674271
5.000000 2.000000
2.804985 1.599434
1.578278 2.753591
3.688556 1.564716
1.882766 1.193367
1.414986 1.467650
3.000000 2.000000
1.000000 2.000000
3.932986 1.555023
1.601798 1.056995
1.945724 1.532123
1.456713 2.436904
4.122125 1.146365
3.346908 2.978269
1.528198 2.274695
1.000000 2.000000
5.000000 2.000000
1.797498 2.648675
5.000000 2.000000
2.000000 4.000000
3.000000 2.000000
2.000000 2.000000
2.371880 2.607618
1.000000 5.000000
1.831461 2.063852
1.702984 2.071666
1.000000 2.000000
1.000000 1.000000
1.516944 1.445335
1.501301 2.464549
2.000000 3.000000
2.688313 2.708706
5.713533 2.446132
3.617699 2.700084
2.000000 3.000000
1.000000 2.000000
5.000000 2.000000
1.000000 2.000000
4.000000 2.000000
4.000000 2.000000
3.000000 2.000000
5.000000 2.000000
3.243891 1.178877
1.000000 5.000000
2.121724 2.570756
2.000000 3.000000
2.000000 2.000000
1.000000 4.000000
2.000000 5.000000
2.000000 4.000000
2.000000 3.000000
2.000000 5.000000
4.000000 3.000000
3.000000 3.000000
2.000000 3.000000
2.000000 4.000000

6.123075 0.661687
4.190625 0.884982
6.265293 0.606884
7.596066 0.640754
4.012417 0.861569
2.121388 0.748121
5.000000 1.000000
4.800361 1.134163
4.065673 0.865068
3.794533 0.971524
4.000000 1.000000
4.258732 0.892041
3.000000 1.000000
4.086696 1.063826
5.000000 1.000000
3.950142 0.906204
5.283450 1.139702
4.173560 1.146229
3.668873 1.011335
4.382021 1.010901
2.816592 1.037394
3.428454 1.005740
3.304491 0.979276
3.164266 1.086388
3.000000 1.000000
3.026215 0.724957
3.109896 1.337893
3.311955 1.310030
2.796184 0.967913
3.405735 1.058637
3.160270 0.965615
4.825990 0.951117
3.232520 0.931209
3.839706 1.002426
4.731507 1.140060
4.676455 0.920463
3.614145 1.097923
3.155925 1.105093
3.633683 1.440417
2.969088 2.032257
4.210451 1.356403
3.093326 1.218467
3.265203 0.999240
2.000000 1.000000
3.356843 1.331212
3.395976 1.120764
3.683738 1.218273
2.000000 1.000000
4.440030 1.196265
4.414707 1.384580
3.201255 1.386924
4.188413 1.470105
4.164768 1.512959
4.658879 1.775218
2.961519 1.498292
3.415986 1.692198
2.770292 1.090147
2.909774 1.768552
1.632848 2.086956
1.375836 1.088495
2.313272 1.420006
1.618731 1.674271
5.000000 2.000000
2.804985 1.599434
1.578278 2.753591
3.688556 1.564716
1.882766 1.193367
1.414986 1.467650
3.000000 2.000000
2.509509 1.416527
1.000000 2.000000
3.932986 1.555023
1.601798 1.056995
1.945724 1.532123
1.456713 2.436904
4.122125 1.146365
3.346908 2.978269
1.528198 2.274695
5.000000 2.000000
1.000000 2.000000
1.797498 2.648675
2.000000 2.000000
3.000000 2.000000
2.000000 4.000000
5.000000 2.000000
2.371880 2.607618
1.000000 5.000000
1.831461 2.063852
1.702984 2.071666
1.000000 1.000000
1.000000 2.000000
1.516944 1.445335
1.501301 2.464549
2.000000 3.000000
2.688313 2.708706
5.713533 2.446132
3.617699 2.700084
5.000000 2.000000
3.000000 2.000000
4.000000 2.000000

7.596066 0.640754
8.523498 1.254953
6.123075 0.661687
5.100050 0.836617
6.265293 0.606884
6.437912 0.559978
4.190625 0.884982
4.362337 1.012028
4.012417 0.861569
3.234941 0.567366
5.000000 1.000000
4.938605 0.965663
4.258732 0.892041
6.328200 0.690606
4.065673 0.865068
3.672458 0.812341
3.000000 1.000000
4.336256 0.783415
4.000000 1.000000
3.579774 0.919109
3.794533 0.971524
3.694739 0.917423
4.676455 0.920463
4.747351 0.906022
5.000000 1.000000
4.762952 0.997098
5.283450 1.139702
4.691681 0.991070
3.668873 1.011335
3.630032 0.945908
4.173560 1.146229
4.859739 0.926646
3.026215 0.724957
3.078191 0.856987
4.825990 0.951117
4.487899 0.951736
3.428454 1.005740
4.262707 1.015040
4.800361 1.134163
4.223828 1.158426
2.816592 1.037394
3.950142 0.906204
3.304491 0.979276
3.405735 1.058637
3.839706 1.002426
3.000000 1.000000
4.382021 1.010901
3.109896 1.337893
2.796184 0.967913
3.160270 0.965615
3.164266 1.086388
4.086696 1.063826
3.232520 0.931209
4.731507 1.140060
3.614145 1.097923
3.633683 1.440417
4.210451 1.356403
3.093326 1.218467
3.265203 0.999240
2.000000 1.000000
3.356843 1.331212
3.395976 1.120764
3.683738 1.218273
2.000000 1.000000
4.440030 1.196265
4.414707 1.384580
3.201255 1.386924
3.155925 1.105093
3.311955 1.310030
4.188413 1.470105
4.164768 1.512959
4.658879 1.775218
2.961519 1.498292
3.415986 1.692198
2.770292 1.090147
2.969088 2.032257
2.909774 1.768552
1.632848 2.086956
1.375836 1.088495
2.313272 1.420006
1.618731 1.674271
5.000000 2.000000
2.804985 1.599434
1.578278 2.753591
3.688556 1.564716
1.882766 1.193367
1.414986 1.467650
3.000000 2.000000
2.509509 1.416527
2.121388 0.748121
1.000000 2.000000
3.932986 1.555023
1.601798 1.056995
1.945724 1.532123
1.456713 2.436904
4.122125 1.146365
3.346908 2.978269
1.528198 2.274695
1.000000 2.000000
5.000000 2.000000

7.596066 0.640754
5.501315 0.693775
6.328200 0.690606
5.535671 0.809256
6.123075 0.661687
5.468410 0.722248
3.579774 0.919109
3.764837 0.942661
6.265293 0.606884
5.447468 0.872196
5.100050 0.836617
2.938671 1.173722
6.437912 0.559978
6.294177 0.667231
4.190625 0.884982
4.140438 0.850562
4.938605 0.965663
4.835164 0.922931
4.012417 0.861569
4.271432 0.911604
5.000000 1.000000
7.455366 1.276287
3.672458 0.812341
4.156171 0.875473
4.258732 0.892041
4.005706 0.815712
4.065673 0.865068
3.305108 1.005431
4.000000 1.000000
4.661874 0.885729
3.000000 1.000000
3.745713 0.927956
4.362337 1.012028
4.305297 1.054323
3.694739 0.917423
5.414506 0.774340
4.336256 0.783415
3.865950 0.948736
4.859739 0.926646
5.828209 0.784232
3.794533 0.971524
4.676455 0.920463
4.747351 0.906022
3.630032 0.945908
5.000000 1.000000
4.487899 0.951736
4.691681 0.991070
5.283450 1.139702
3.234941 0.567366
3.078191 0.856987
3.668873 1.011335
4.262707 1.015040
4.173560 1.146229
3.026215 0.724957
4.825990 0.951117
4.762952 0.997098
3.428454 1.005740
4.800361 1.134163
2.816592 1.037394
3.950142 0.906204
3.304491 0.979276
3.405735 1.058637
3.839706 1.002426
3.000000 1.000000
4.382021 1.010901
3.109896 1.337893
2.796184 0.967913
3.160270 0.965615
3.164266 1.086388
4.086696 1.063826
3.232520 0.931209
4.731507 1.140060
3.614145 1.097923
3.633683 1.440417
4.210451 1.356403
3.093326 1.218467
3.265203 0.999240
2.000000 1.000000
3.356843 1.331212
3.395976 1.120764
3.683738 1.218273
2.000000 1.000000
4.440030 1.196265
4.414707 1.384580
4.223828 1.158426
3.201255 1.386924
3.155925 1.105093
3.311955 1.310030
4.188413 1.470105
4.164768 1.512959
4.658879 1.775218
2.961519 1.498292
3.415986 1.692198
2.770292 1.090147
2.969088 2.032257
2.909774 1.768552
1.632848 2.086956
8.523498 1.254953
1.375836 1.088495
2.313272 1.420006

7.596066 0.640754
6.707155 0.554593
6.328200 0.690606
5.589385 0.789573
5.501315 0.693775
5.951038 0.385122
6.123075 0.661687
6.363682 0.689659
6.294177 0.667231
6.346103 0.738738
4.140438 0.850562
4.521495 0.806529
5.414506 0.774340
3.907842 0.353840
3.579774 0.919109
5.377412 0.807695
5.535671 0.809256
4.826279 0.968005
6.265293 0.606884
6.486697 0.739767
5.100050 0.836617
5.105701 0.851539
5.468410 0.722248
5.412930 0.743474
3.764837 0.942661
4.858933 0.926226
5.447468 0.872196
3.304848 1.305085
6.437912 0.559978
8.447559 0.515242
5.828209 0.784232
5.135095 0.895636
4.156171 0.875473
5.075703 0.874909
2.938671 1.173722
4.815168 0.853400
4.661874 0.885729
6.710525 0.701432
4.190625 0.884982
4.364605 0.886155
4.938605 0.965663
4.012417 0.861569
5.000000 1.000000
3.672458 0.812341
4.258732 0.892041
4.065673 0.865068
3.000000 1.000000
4.000000 1.000000
4.362337 1.012028
4.835164 0.922931
4.271432 0.911604
3.694739 0.917423
4.336256 0.783415
4.859739 0.926646
3.794533 0.971524
4.676455 0.920463
4.747351 0.906022
4.005706 0.815712
3.630032 0.945908
5.000000 1.000000
4.487899 0.951736
4.691681 0.991070
5.283450 1.139702
3.234941 0.567366
3.078191 0.856987
3.668873 1.011335
4.305297 1.054323
4.262707 1.015040
4.173560 1.146229
3.026215 0.724957
7.455366 1.276287
4.825990 0.951117
4.762952 0.997098
3.865950 0.948736
3.428454 1.005740
4.800361 1.134163
3.745713 0.927956
2.816592 1.037394
3.950142 0.906204
3.305108 1.005431
3.304491 0.979276
3.405735 1.058637
3.839706 1.002426
3.000000 1.000000
4.382021 1.010901
3.109896 1.337893
2.796184 0.967913
3.160270 0.965615
3.164266 1.086388
4.086696 1.063826
3.232520 0.931209
4.731507 1.140060
3.614145 1.097923
3.633683 1.440417
4.210451 1.356403
3.093326 1.218467
3.265203 0.999240
2.000000 1.000000
3.356843 1.331212
3.395976 1.120764

5.951038 0.385122
5.969337 0.556600
8.447559 0.515242
7.073034 0.742072
7.596066 0.640754
7.173229 0.691238
4.826279 0.968005
5.132705 0.799855
6.707155 0.554593
6.207153 0.643109
6.328200 0.690606
6.331964 0.759777
6.710525 0.701432
7.737536 0.718439
6.363682 0.689659
7.124379 0.554505
5.589385 0.789573
6.635103 0.649452
5.501315 0.693775
3.319503 1.235883
6.346103 0.738738
6.079823 0.774234
6.123075 0.661687
5.934448 0.680199
6.486697 0.739767
7.000965 0.785330
6.294177 0.667231
6.326294 0.656471
4.140438 0.850562
4.656393 0.802739
5.414506 0.774340
5.929902 0.842326
5.075703 0.874909
5.534903 0.819036
3.579774 0.919109
4.925998 0.911067
5.377412 0.807695
5.383997 0.766952
5.535671 0.809256
5.607169 0.724697
6.265293 0.606884
4.521495 0.806529
5.105701 0.851539
5.100050 0.836617
5.468410 0.722248
3.764837 0.942661
4.858933 0.926226
5.447468 0.872196
6.437912 0.559978
5.828209 0.784232
4.156171 0.875473
5.412930 0.743474
4.364605 0.886155
2.938671 1.173722
4.661874 0.885729
4.190625 0.884982
4.938605 0.965663
4.012417 0.861569
5.000000 1.000000
3.672458 0.812341
4.258732 0.892041
4.065673 0.865068
4.000000 1.000000
3.000000 1.000000
4.362337 1.012028
5.135095 0.895636
4.815168 0.853400
4.835164 0.922931
4.271432 0.911604
3.694739 0.917423
4.336256 0.783415
4.859739 0.926646
3.794533 0.971524
4.676455 0.920463
4.747351 0.906022
4.005706 0.815712
3.630032 0.945908
5.000000 1.000000
4.487899 0.951736
4.691681 0.991070
5.283450 1.139702
3.234941 0.567366
3.078191 0.856987
3.668873 1.011335
4.305297 1.054323
4.262707 1.015040
4.173560 1.146229
3.026215 0.724957
7.455366 1.276287
4.825990 0.951117
4.762952 0.997098
3.865950 0.948736
3.428454 1.005740
4.800361 1.134163
3.745713 0.927956
2.816592 1.037394
3.950142 0.906204
3.305108 1.005431
3.304491 0.979276
3.405735 1.058637

5.951038 0.385122
5.991272 0.569791
8.447559 0.515242
6.830279 0.605356
7.596066 0.640754
7.385421 0.658541
4.826279 0.968005
5.699038 0.828036
5.969337 0.556600
6.870098 0.720033
6.707155 0.554593
5.889119 0.553608
7.737536 0.718439
7.548050 0.643966
7.124379 0.554505
6.775931 0.568247
7.173229 0.691238
6.083651 0.708621
7.073034 0.742072
7.566802 0.693080
6.635103 0.649452
7.148082 0.617982
6.328200 0.690606
6.917568 0.640019
6.710525 0.701432
6.900229 0.703083
6.363682 0.689659
6.411623 0.637649
6.331964 0.759777
6.017358 0.778444
7.000965 0.785330
7.963733 0.645217
5.132705 0.799855
5.550515 0.700096
6.326294 0.656471
7.232317 0.706626
6.207153 0.643109
6.290136 0.652664
5.589385 0.789573
4.975431 0.866763
5.607169 0.724697
5.534903 0.819036
5.501315 0.693775
5.929902 0.842326
6.346103 0.738738
6.079823 0.774234
6.123075 0.661687
6.486697 0.739767
5.383997 0.766952
6.294177 0.667231
4.140438 0.850562
5.414506 0.774340
5.075703 0.874909
4.656393 0.802739
3.579774 0.919109
5.377412 0.807695
5.934448 0.680199
5.535671 0.809256
6.265293 0.606884
4.521495 0.806529
5.105701 0.851539
5.100050 0.836617
5.468410 0.722248
3.764837 0.942661
4.858933 0.926226
5.447468 0.872196
4.925998 0.911067
6.437912 0.559978
5.828209 0.784232
4.156171 0.875473
5.412930 0.743474
4.364605 0.886155
2.938671 1.173722
4.661874 0.885729
4.190625 0.884982
4.938605 0.965663
4.012417 0.861569
5.000000 1.000000
3.672458 0.812341
4.258732 0.892041
4.065673 0.865068
3.000000 1.000000
4.000000 1.000000
4.362337 1.012028
5.135095 0.895636
4.815168 0.853400
4.835164 0.922931
4.271432 0.911604
3.694739 0.917423
4.336256 0.783415
4.859739 0.926646
3.794533 0.971524
4.676455 0.920463
4.747351 0.906022
4.005706 0.815712
3.630032 0.945908
5.000000 1.000000
4.487899 0.951736
4.691681 0.991070
5.283450 1.139702

5.951038 0.385122
5.882106 0.482695
8.447559 0.515242
8.225543 0.550056
7.596066 0.640754
8.227887 0.577573
7.963733 0.645217
6.987050 0.605643
4.826279 0.968005
5.688011 0.676576
7.385421 0.658541
6.730122 0.598967
7.548050 0.643966
6.669925 0.652880
7.232317 0.706626
3.243181 0.633185
6.917568 0.640019
6.084526 0.846942
5.969337 0.556600
7.440932 0.610534
6.707155 0.554593
7.394187 0.513749
7.566802 0.693080
6.327464 0.761406
7.148082 0.617982
7.540843 0.350415
5.991272 0.569791
6.177022 0.643711
7.737536 0.718439
7.707770 0.724099
5.699038 0.828036
7.207761 0.826522
7.124379 0.554505
7.269139 0.588288
7.173229 0.691238
7.590222 0.689550
7.073034 0.742072
8.337454 0.853015
6.775931 0.568247
7.399882 0.602963
5.889119 0.553608
6.900229 0.703083
4.975431 0.866763
6.635103 0.649452
6.830279 0.605356
6.328200 0.690606
6.411623 0.637649
6.710525 0.701432
6.363682 0.689659
6.290136 0.652664
6.870098 0.720033
6.331964 0.759777
7.000965 0.785330
5.132705 0.799855
6.326294 0.656471
6.017358 0.778444
5.550515 0.700096
6.207153 0.643109
6.083651 0.708621
5.589385 0.789573
5.607169 0.724697
5.534903 0.819036
5.501315 0.693775
5.929902 0.842326
6.346103 0.738738
6.079823 0.774234
6.123075 0.661687
6.486697 0.739767
5.383997 0.766952
6.294177 0.667231
4.140438 0.850562
5.414506 0.774340
5.075703 0.874909
4.656393 0.802739
3.579774 0.919109
5.377412 0.807695
5.934448 0.680199
5.535671 0.809256
6.265293 0.606884
4.521495 0.806529
5.105701 0.851539
5.100050 0.836617
5.468410 0.722248
3.764837 0.942661
4.858933 0.926226
5.447468 0.872196
4.925998 0.911067
6.437912 0.559978
5.828209 0.784232
4.156171 0.875473
5.412930 0.743474
4.364605 0.886155
2.938671 1.173722
4.661874 0.885729
4.190625 0.884982
4.938605 0.965663
4.012417 0.861569
5.000000 1.000000
3.672458 0.812341
4.258732 0.892041

5.951038 0.385122
7.447834 0.342033
7.440932 0.610534
7.954670 0.651916
7.540843 0.350415
6.848379 0.462268
8.227887 0.577573
7.451153 0.594235
8.225543 0.550056
7.808480 0.631949
8.447559 0.515242
8.793207 0.532968
5.688011 0.676576
6.835416 0.706845
5.882106 0.482695
6.318697 0.521197
8.337454 0.853015
7.184450 0.991484
7.596066 0.640754
7.774840 0.702261
7.394187 0.513749
8.625451 0.725283
7.963733 0.645217
7.990635 0.658726
4.826279 0.968005
6.415942 0.912665
7.399882 0.602963
7.525839 0.548774
7.385421 0.658541
7.398298 0.662345
6.987050 0.605643
6.653623 0.588371
7.548050 0.643966
11.008819 0.518883
7.232317 0.706626
7.749701 0.738955
6.917568 0.640019
7.091154 0.686284
5.969337 0.556600
10.312376 0.254551
6.707155 0.554593
7.566802 0.693080
6.084526 0.846942
7.148082 0.617982
5.991272 0.569791
7.737536 0.718439
5.699038 0.828036
7.124379 0.554505
7.707770 0.724099
7.173229 0.691238
6.177022 0.643711
7.590222 0.689550
6.730122 0.598967
7.073034 0.742072
7.269139 0.588288
6.669925 0.652880
6.327464 0.761406
6.775931 0.568247
5.889119 0.553608
6.900229 0.703083
7.207761 0.826522
4.975431 0.866763
6.635103 0.649452
6.830279 0.605356
6.328200 0.690606
6.411623 0.637649
6.710525 0.701432
6.363682 0.689659
6.290136 0.652664
6.870098 0.720033
6.331964 0.759777
7.000965 0.785330
5.132705 0.799855
6.326294 0.656471
6.017358 0.778444
5.550515 0.700096
6.207153 0.643109
6.083651 0.708621
5.589385 0.789573
5.607169 0.724697
5.534903 0.819036
5.501315 0.693775
5.929902 0.842326
6.346103 0.738738
6.079823 0.774234
6.123075 0.661687
6.486697 0.739767
5.383997 0.766952
6.294177 0.667231
4.140438 0.850562
5.414506 0.774340
5.075703 0.874909
4.656393 0.802739
3.579774 0.919109
5.377412 0.807695
5.934448 0.680199
5.535671 0.809256
6.265293 0.606884
4.521495 0.806529
5.105701 0.851539

10.312376 0.254551
9.055763 0.384931
11.008819 0.518883
6.761767 0.478953
8.793207 0.532968
9.179344 0.551398
5.951038 0.385122
7.096511 0.552570
7.440932 0.610534
7.535329 0.595447
7.954670 0.651916
6.695974 0.622377
7.540843 0.350415
8.329084 0.528198
8.227887 0.577573
8.378793 0.508323
8.225543 0.550056
7.749642 0.577353
8.625451 0.725283
7.467910 0.525460
8.447559 0.515242
9.062014 0.547511
7.447834 0.342033
6.015693 0.372481
5.688011 0.676576
6.544736 0.570746
7.525839 0.548774
7.889774 0.518176
5.882106 0.482695
6.386801 0.648018
6.835416 0.706845
7.146769 0.673424
8.337454 0.853015
6.399720 0.720261
7.596066 0.640754
7.598359 0.667081
7.394187 0.513749
7.800643 0.726397
7.963733 0.645217
8.452908 0.591710
4.826279 0.968005
7.451153 0.594235
7.808480 0.631949
7.774840 0.702261
6.848379 0.462268
7.749701 0.738955
7.399882 0.602963
7.385421 0.658541
7.990635 0.658726
6.987050 0.605643
6.318697 0.521197
7.398298 0.662345
6.415942 0.912665
7.548050 0.643966
7.232317 0.706626
6.917568 0.640019
5.969337 0.556600
6.707155 0.554593
7.566802 0.693080
6.084526 0.846942
7.148082 0.617982
7.184450 0.991484
5.991272 0.569791
7.737536 0.718439
7.091154 0.686284
5.699038 0.828036
7.124379 0.554505
7.707770 0.724099
7.173229 0.691238
6.177022 0.643711
7.590222 0.689550
6.730122 0.598967
6.653623 0.588371
7.073034 0.742072
7.269139 0.588288
6.669925 0.652880
6.327464 0.761406
6.775931 0.568247
5.889119 0.553608
6.900229 0.703083
7.207761 0.826522
4.975431 0.866763
6.635103 0.649452
6.830279 0.605356
6.328200 0.690606
6.411623 0.637649
6.710525 0.701432
6.363682 0.689659
6.290136 0.652664
6.870098 0.720033
6.331964 0.759777
7.000965 0.785330
5.132705 0.799855
6.326294 0.656471
6.017358 0.778444
5.550515 0.700096
6.207153 0.643109
6.083651 0.708621
5.589385 0.789573
5.607169 0.724697

10.312376 0.254551
8.372796 0.393494
11.008819 0.518883
10.141434 0.547582
9.055763 0.384931
9.031983 0.311769
9.179344 0.551398
10.185205 0.434206
7.467910 0.525460
10.709883 0.334604
8.452908 0.591710
8.389848 0.594038
9.062014 0.547511
8.795512 0.450639
8.378793 0.508323
8.654043 0.570405
8.329084 0.528198
8.391758 0.526708
8.793207 0.532968
4.886111 0.486359
7.535329 0.595447
8.131655 0.445779
5.951038 0.385122
6.835616 0.508681
7.889774 0.518176
9.819554 0.402023
7.440932 0.610534
6.790300 0.569063
7.954670 0.651916
7.923942 0.597295
7.096511 0.552570
7.593287 0.415361
7.540843 0.350415
6.913186 0.340895
8.227887 0.577573
8.001179 0.547569
8.225543 0.550056
8.049531 0.582876
8.625451 0.725283
9.352437 0.525665
8.447559 0.515242
7.447834 0.342033
6.695974 0.622377
6.761767 0.478953
5.688011 0.676576
7.525839 0.548774
7.800643 0.726397
5.882106 0.482695
6.835416 0.706845
8.337454 0.853015
6.399720 0.720261
7.596066 0.640754
7.394187 0.513749
7.598359 0.667081
7.963733 0.645217
4.826279 0.968005
7.749642 0.577353
7.451153 0.594235
6.544736 0.570746
7.808480 0.631949
7.774840 0.702261
7.146769 0.673424
6.848379 0.462268
7.749701 0.738955
7.399882 0.602963
7.385421 0.658541
7.990635 0.658726
6.386801 0.648018
6.987050 0.605643
6.318697 0.521197
7.398298 0.662345
6.415942 0.912665
7.548050 0.643966
7.232317 0.706626
6.917568 0.640019
5.969337 0.556600
6.707155 0.554593
7.566802 0.693080
6.084526 0.846942
7.148082 0.617982
7.184450 0.991484
5.991272 0.569791
7.737536 0.718439
7.091154 0.686284
5.699038 0.828036
7.124379 0.554505
7.707770 0.724099
6.015693 0.372481
7.173229 0.691238
6.177022 0.643711
7.590222 0.689550
6.730122 0.598967
6.653623 0.588371
7.073034 0.742072
7.269139 0.588288
6.669925 0.652880
6.327464 0.761406
6.775931 0.568247
5.889119 0.553608
6.900229 0.703083

10.312376 0.254551
8.243542 0.404206
10.709883 0.334604
9.358049 0.490997
11.008819 0.518883
7.325661 0.825422
9.819554 0.402023
9.060130 0.451472
9.031983 0.311769
8.061956 0.378164
10.185205 0.434206
8.953553 0.485254
8.372796 0.393494
3.921686 0.343503
9.352437 0.525665
10.075279 0.512649
10.141434 0.547582
9.427972 0.437755
9.055763 0.384931
8.822801 0.387200
8.654043 0.570405
9.548589 0.506516
8.389848 0.594038
9.300233 0.501322
8.131655 0.445779
8.182011 0.500264
9.179344 0.551398
10.365068 0.484827
7.467910 0.525460
8.206413 0.403543
8.391758 0.526708
8.193717 0.437963
8.452908 0.591710
9.044575 0.547235
8.795512 0.450639
8.866496 0.515376
9.062014 0.547511
8.425323 0.543452
8.378793 0.508323
9.989031 0.403865
8.329084 0.528198
6.835616 0.508681
8.793207 0.532968
7.593287 0.415361
7.923942 0.597295
8.049531 0.582876
7.535329 0.595447
5.951038 0.385122
6.913186 0.340895
7.889774 0.518176
7.440932 0.610534
7.954670 0.651916
7.096511 0.552570
7.540843 0.350415
8.227887 0.577573
8.225543 0.550056
8.625451 0.725283
8.447559 0.515242
7.447834 0.342033
6.695974 0.622377
6.761767 0.478953
5.688011 0.676576
7.525839 0.548774
7.800643 0.726397
5.882106 0.482695
6.835416 0.706845
8.337454 0.853015
6.399720 0.720261
7.596066 0.640754
6.790300 0.569063
8.001179 0.547569
7.394187 0.513749
7.598359 0.667081
7.963733 0.645217
4.826279 0.968005
7.749642 0.577353
7.451153 0.594235
6.544736 0.570746
7.808480 0.631949
7.774840 0.702261
7.146769 0.673424
6.848379 0.462268
7.749701 0.738955
7.399882 0.602963
7.385421 0.658541
7.990635 0.658726
6.386801 0.648018
6.987050 0.605643
6.318697 0.521197
7.398298 0.662345
6.415942 0.912665
7.548050 0.643966
7.232317 0.706626
6.917568 0.640019
5.969337 0.556600
6.707155 0.554593
7.566802 0.693080
6.084526 0.846942
7.148082 0.617982
7.184450 0.991484

10.312376 0.254551
8.650964 0.347946
10.709883 0.334604
10.183561 0.432234
9.989031 0.403865
9.003167 0.454414
11.008819 0.518883
10.991107 0.502927
9.819554 0.402023
8.980925 0.418995
9.031983 0.311769
9.888755 0.351861
10.185205 0.434206
11.559483 0.513679
9.548589 0.506516
11.043530 0.576092
9.427972 0.437755
9.317850 0.467179
10.365068 0.484827
10.549193 0.471429
8.372796 0.393494
10.262813 0.413694
8.243542 0.404206
8.983671 0.480739
10.075279 0.512649
10.554278 0.516586
9.352437 0.525665
8.860580 0.455963
9.358049 0.490997
8.045926 0.410348
8.822801 0.387200
8.450439 0.430198
10.141434 0.547582
10.231042 0.498323
9.055763 0.384931
9.279375 0.431848
9.060130 0.451472
9.594618 0.386404
8.206413 0.403543
7.584271 0.427370
8.953553 0.485254
9.044575 0.547235
9.300233 0.501322
8.061956 0.378164
8.866496 0.515376
8.182011 0.500264
8.654043 0.570405
8.389848 0.594038
8.131655 0.445779
9.179344 0.551398
7.467910 0.525460
8.391758 0.526708
8.193717 0.437963
8.452908 0.591710
8.795512 0.450639
9.062014 0.547511
8.378793 0.508323
8.329084 0.528198
6.835616 0.508681
8.793207 0.532968
7.593287 0.415361
7.923942 0.597295
8.049531 0.582876
7.535329 0.595447
5.951038 0.385122
6.913186 0.340895
7.889774 0.518176
7.440932 0.610534
7.954670 0.651916
7.096511 0.552570
8.425323 0.543452
7.540843 0.350415
8.227887 0.577573
8.225543 0.550056
8.625451 0.725283
8.447559 0.515242
7.447834 0.342033
6.695974 0.622377
6.761767 0.478953
5.688011 0.676576
7.525839 0.548774
7.800643 0.726397
5.882106 0.482695
6.835416 0.706845
8.337454 0.853015
6.399720 0.720261
7.596066 0.640754
6.790300 0.569063
8.001179 0.547569
7.394187 0.513749
7.598359 0.667081
7.963733 0.645217
4.826279 0.968005
7.749642 0.577353
7.451153 0.594235
6.544736 0.570746
7.808480 0.631949
7.325661 0.825422
7.774840 0.702261
7.146769 0.673424

10.312376 0.254551
10.745693 0.330104
10.709883 0.334604
9.634726 0.395321
11.043530 0.576092
9.866491 0.557016
9.888755 0.351861
11.899396 0.477279
11.559483 0.513679
10.394800 0.360458
10.262813 0.413694
10.413811 0.316487
9.989031 0.403865
10.305781 0.381859
10.183561 0.432234
10.255785 0.475353
11.008819 0.518883
10.794652 0.548063
9.819554 0.402023
11.628793 0.451971
9.031983 0.311769
9.536877 0.446459
10.231042 0.498323
10.936773 0.551047
9.594618 0.386404
9.252213 0.372861
10.991107 0.502927
11.323030 0.386340
10.549193 0.471429
5.335569 0.578463
10.554278 0.516586
9.767221 0.573860
10.185205 0.434206
9.755778 0.351771
9.548589 0.506516
10.613169 0.462220
9.427972 0.437755
9.977931 0.442551
10.365068 0.484827
9.849375 0.467247
8.372796 0.393494
8.243542 0.404206
10.075279 0.512649
9.003167 0.454414
9.352437 0.525665
9.279375 0.431848
9.358049 0.490997
8.822801 0.387200
9.317850 0.467179
8.980925 0.418995
8.860580 0.455963
10.141434 0.547582
8.983671 0.480739
9.055763 0.384931
9.060130 0.451472
8.450439 0.430198
8.650964 0.347946
8.206413 0.403543
8.953553 0.485254
9.044575 0.547235
9.300233 0.501322
8.061956 0.378164
8.866496 0.515376
8.182011 0.500264
8.654043 0.570405
8.389848 0.594038
8.131655 0.445779
9.179344 0.551398
7.467910 0.525460
8.391758 0.526708
8.193717 0.437963
8.452908 0.591710
8.795512 0.450639
9.062014 0.547511
8.378793 0.508323
8.329084 0.528198
6.835616 0.508681
8.793207 0.532968
7.593287 0.415361
7.923942 0.597295
8.049531 0.582876
7.535329 0.595447
5.951038 0.385122
6.913186 0.340895
7.889774 0.518176
7.440932 0.610534
7.954670 0.651916
7.096511 0.552570
8.425323 0.543452
7.540843 0.350415
8.227887 0.577573
8.225543 0.550056
8.625451 0.725283
8.447559 0.515242
7.447834 0.342033
6.695974 0.622377
6.761767 0.478953
5.688011 0.676576
7.525839 0.548774
7.800643 0.726397

11.899396 0.477279
11.679444 0.424669
10.312376 0.254551
10.207496 0.329382
10.709883 0.334604
9.683003 0.310592
10.745693 0.330104
10.622541 0.314425
10.413811 0.316487
9.869249 0.335397
11.323030 0.386340
11.245392 0.402062
10.394800 0.360458
9.875488 0.386399
11.043530 0.576092
10.624045 0.505555
11.628793 0.451971
7.427383 0.299073
9.888755 0.351861
10.459504 0.490951
10.305781 0.381859
9.642203 0.493585
11.559483 0.513679
11.591758 0.496628
10.262813 0.413694
10.159678 0.456420
9.989031 0.403865
10.057153 0.347656
10.613169 0.462220
13.005560 0.523170
10.183561 0.432234
9.810916 0.387249
10.936773 0.551047
9.563992 0.502570
11.008819 0.518883
10.467160 0.451657
9.634726 0.395321
9.468618 0.410931
9.819554 0.402023
10.357523 0.361528
10.255785 0.475353
10.794652 0.548063
9.866491 0.557016
9.755778 0.351771
9.031983 0.311769
9.977931 0.442551
10.231042 0.498323
9.594618 0.386404
10.991107 0.502927
9.252213 0.372861
10.549193 0.471429
10.554278 0.516586
10.185205 0.434206
9.548589 0.506516
9.427972 0.437755
9.849375 0.467247
10.365068 0.484827
8.372796 0.393494
9.767221 0.573860
9.536877 0.446459
8.243542 0.404206
10.075279 0.512649
9.003167 0.454414
9.352437 0.525665
9.279375 0.431848
9.358049 0.490997
8.822801 0.387200
9.317850 0.467179
8.980925 0.418995
8.860580 0.455963
10.141434 0.547582
8.983671 0.480739
9.055763 0.384931
9.060130 0.451472
8.450439 0.430198
8.650964 0.347946
8.206413 0.403543
8.953553 0.485254
9.044575 0.547235
9.300233 0.501322
8.061956 0.378164
8.866496 0.515376
8.182011 0.500264
8.654043 0.570405
8.389848 0.594038
8.131655 0.445779
9.179344 0.551398
7.467910 0.525460
8.391758 0.526708
8.193717 0.437963
8.452908 0.591710
8.795512 0.450639
9.062014 0.547511
8.378793 0.508323
8.329084 0.528198
6.835616 0.508681
8.793207 0.532968
7.593287 0.415361
7.923942 0.597295
8.049531 0.582876

11.899396 0.477279
12.052902 0.413787
11.679444 0.424669
11.398234 0.345482
13.005560 0.523170
12.512958 0.429925
10.312376 0.254551
9.916983 0.323093
10.709883 0.334604
11.534293 0.199147
10.622541 0.314425
10.007607 0.284184
10.745693 0.330104
12.300849 0.405112
10.357523 0.361528
10.538112 0.323068
10.413811 0.316487
12.610231 0.229949
11.323030 0.386340
15.706000 0.317452
10.207496 0.329382
11.257030 0.378219
10.394800 0.360458
9.476524 0.244216
11.043530 0.576092
11.387080 0.545717
11.628793 0.451971
14.017193 0.410448
11.591758 0.496628
10.058463 0.413333
9.869249 0.335397
11.982041 0.413623
9.888755 0.351861
10.366843 0.336104
10.305781 0.381859
9.607313 0.364707
9.683003 0.310592
11.175308 0.344342
9.875488 0.386399
10.493406 0.364828
10.057153 0.347656
11.559483 0.513679
10.262813 0.413694
10.624045 0.505555
10.467160 0.451657
11.245392 0.402062
10.459504 0.490951
9.989031 0.403865
10.613169 0.462220
10.183561 0.432234
10.936773 0.551047
11.008819 0.518883
9.634726 0.395321
10.159678 0.456420
9.810916 0.387249
9.819554 0.402023
10.255785 0.475353
10.794652 0.548063
9.866491 0.557016
9.468618 0.410931
9.755778 0.351771
9.031983 0.311769
9.977931 0.442551
10.231042 0.498323
9.594618 0.386404
10.991107 0.502927
9.252213 0.372861
10.549193 0.471429
10.554278 0.516586
10.185205 0.434206
9.548589 0.506516
9.427972 0.437755
9.849375 0.467247
10.365068 0.484827
9.563992 0.502570
8.372796 0.393494
9.767221 0.573860
9.536877 0.446459
8.243542 0.404206
9.642203 0.493585
10.075279 0.512649
9.003167 0.454414
9.352437 0.525665
9.279375 0.431848
9.358049 0.490997
8.822801 0.387200
9.317850 0.467179
8.980925 0.418995
8.860580 0.455963
10.141434 0.547582
8.983671 0.480739
9.055763 0.384931
9.060130 0.451472
8.450439 0.430198
8.650964 0.347946
8.206413 0.403543
8.953553 0.485254
9.044575 0.547235
9.300233 0.501322
8.061956 0.378164

14.017193 0.410448
17.631293 0.361621
15.706000 0.317452
12.657850 0.323976
12.610231 0.229949
12.355025 0.321071
11.534293 0.199147
16.815535 0.323463
11.899396 0.477279
11.920287 0.414515
12.052902 0.413787
13.819759 0.324366
11.679444 0.424669
15.251083 0.417511
12.512958 0.429925
13.477744 0.437441
11.398234 0.345482
11.640879 0.365474
11.175308 0.344342
13.316441 0.305817
11.982041 0.413623
13.359361 0.378192
13.005560 0.523170
11.769222 0.373119
10.312376 0.254551
11.465394 0.292342
12.300849 0.405112
7.926624 0.338319
10.709883 0.334604
10.481035 0.282870
11.257030 0.378219
11.574756 0.291981
10.622541 0.314425
10.437724 0.296507
10.745693 0.330104
10.513711 0.361299
10.538112 0.323068
10.902228 0.315832
10.357523 0.361528
10.765088 0.385611
10.413811 0.316487
11.323030 0.386340
10.207496 0.329382
10.366843 0.336104
11.387080 0.545717
10.394800 0.360458
10.493406 0.364828
9.916983 0.323093
11.043530 0.576092
11.628793 0.451971
11.591758 0.496628
9.869249 0.335397
9.888755 0.351861
10.305781 0.381859
9.683003 0.310592
9.875488 0.386399
10.007607 0.284184
9.607313 0.364707
10.057153 0.347656
11.559483 0.513679
10.262813 0.413694
10.624045 0.505555
10.467160 0.451657
11.245392 0.402062
10.058463 0.413333
10.459504 0.490951
9.989031 0.403865
10.613169 0.462220
10.183561 0.432234
10.936773 0.551047
11.008819 0.518883
9.634726 0.395321
10.159678 0.456420
9.810916 0.387249
9.819554 0.402023
10.255785 0.475353
10.794652 0.548063
9.866491 0.557016
9.468618 0.410931
9.755778 0.351771
9.031983 0.311769
9.977931 0.442551
10.231042 0.498323
9.594618 0.386404
10.991107 0.502927
9.252213 0.372861
10.549193 0.471429
10.554278 0.516586
10.185205 0.434206
9.548589 0.506516
9.427972 0.437755
9.849375 0.467247
10.365068 0.484827
9.563992 0.502570
8.372796 0.393494
9.767221 0.573860
9.536877 0.446459
8.243542 0.404206
9.642203 0.493585
10.075279 0.512649

17.631293 0.361621
15.633298 0.397046
16.815535 0.323463
16.896465 0.315144
13.819759 0.324366
14.054236 0.353951
15.251083 0.417511
15.563268 0.398487
14.017193 0.410448
17.155028 0.223995
15.706000 0.317452
14.783011 0.313365
12.610231 0.229949
11.540024 0.235664
13.359361 0.378192
16.022890 0.360768
11.534293 0.199147
13.243656 0.257043
11.899396 0.477279
17.671468 0.426084
12.052902 0.413787
12.102026 0.389054
13.316441 0.305817
12.878329 0.236195
11.920287 0.414515
12.251375 0.411208
11.574756 0.291981
10.383335 0.279280
11.679444 0.424669
11.929121 0.443185
12.512958 0.429925
12.558131 0.328854
12.657850 0.323976
7.298373 0.213612
11.465394 0.292342
7.568636 0.185346
11.769222 0.373119
13.064672 0.194611
13.477744 0.437441
13.480044 0.393287
11.398234 0.345482
12.355025 0.321071
11.640879 0.365474
11.175308 0.344342
11.982041 0.413623
13.005560 0.523170
10.481035 0.282870
10.312376 0.254551
12.300849 0.405112
10.437724 0.296507
10.709883 0.334604
11.257030 0.378219
10.622541 0.314425
10.745693 0.330104
10.538112 0.323068
10.902228 0.315832
10.357523 0.361528
10.765088 0.385611
10.413811 0.316487
11.323030 0.386340
10.207496 0.329382
10.513711 0.361299
10.366843 0.336104
11.387080 0.545717
10.394800 0.360458
10.493406 0.364828
9.916983 0.323093
11.043530 0.576092
11.628793 0.451971
11.591758 0.496628
9.869249 0.335397
9.888755 0.351861
10.305781 0.381859
9.683003 0.310592
9.875488 0.386399
10.007607 0.284184
9.607313 0.364707
10.057153 0.347656
11.559483 0.513679
10.262813 0.413694
10.624045 0.505555
10.467160 0.451657
11.245392 0.402062
10.058463 0.413333
10.459504 0.490951
9.989031 0.403865
10.613169 0.462220
10.183561 0.432234
10.936773 0.551047
11.008819 0.518883
9.634726 0.395321
10.159678 0.456420
9.810916 0.387249
9.819554 0.402023
10.255785 0.475353
10.794652 0.548063
9.866491 0.557016
9.468618 0.410931
9.755778 0.351771
9.031983 0.311769

17.671468 0.426084
17.373779 0.441906
17.155028 0.223995
16.254938 0.307230
17.631293 0.361621
15.708543 0.374104
16.815535 0.323463
14.228769 0.339752
16.022890 0.360768
14.095648 0.377154
16.896465 0.315144
14.183329 0.357421
15.633298 0.397046
15.622929 0.376096
15.563268 0.398487
14.251932 0.347836
13.819759 0.324366
16.742922 0.377020
14.783011 0.313365
15.190793 0.282589
13.064672 0.194611
15.127321 0.313617
15.251083 0.417511
15.566308 0.423591
14.054236 0.353951
14.286161 0.345798
12.558131 0.328854
14.123424 0.363474
13.243656 0.257043
19.805970 0.254193
14.017193 0.410448
14.002966 0.446505
15.706000 0.317452
20.732673 0.350012
13.480044 0.393287
13.362820 0.351028
12.610231 0.229949
11.895067 0.233258
11.540024 0.235664
13.237761 0.282999
13.359361 0.378192
11.534293 0.199147
11.899396 0.477279
12.251375 0.411208
11.929121 0.443185
12.052902 0.413787
13.316441 0.305817
11.920287 0.414515
11.574756 0.291981
11.679444 0.424669
12.512958 0.429925
12.657850 0.323976
11.465394 0.292342
11.769222 0.373119
13.477744 0.437441
11.398234 0.345482
12.355025 0.321071
12.102026 0.389054
11.640879 0.365474
11.175308 0.344342
11.982041 0.413623
13.005560 0.523170
10.481035 0.282870
10.312376 0.254551
12.300849 0.405112
10.437724 0.296507
10.383335 0.279280
10.709883 0.334604
11.257030 0.378219
10.622541 0.314425
10.745693 0.330104
10.538112 0.323068
10.902228 0.315832
10.357523 0.361528
10.765088 0.385611
10.413811 0.316487
11.323030 0.386340
10.207496 0.329382
10.513711 0.361299
10.366843 0.336104
11.387080 0.545717
10.394800 0.360458
10.493406 0.364828
9.916983 0.323093
11.043530 0.576092
11.628793 0.451971
11.591758 0.496628
9.869249 0.335397
9.888755 0.351861
10.305781 0.381859
9.683003 0.310592
9.875488 0.386399
10.007607 0.284184
9.607313 0.364707
10.057153 0.347656
11.559483 0.513679
10.262813 0.413694
10.624045 0.505555
10.467160 0.451657
11.245392 0.402062

20.732673 0.350012
20.997865 0.367553
19.805970 0.254193
18.602846 0.339767
17.671468 0.426084
15.750046 0.402640
17.155028 0.223995
16.752010 0.245596
17.631293 0.361621
16.933629 0.399981
16.742922 0.377020
18.104241 0.381284
17.373779 0.441906
19.352352 0.335730
16.815535 0.323463
17.151228 0.281391
16.254938 0.307230
15.720131 0.345221
16.022890 0.360768
16.133901 0.376785
15.708543 0.374104
15.956438 0.296673
16.896465 0.315144
11.925640 0.320971
15.190793 0.282589
19.467005 0.304648
15.127321 0.313617
9.984998 0.444879
15.633298 0.397046
14.258909 0.358479
14.123424 0.363474
18.326782 0.281758
15.566308 0.423591
17.681516 0.381783
15.563268 0.398487
15.017743 0.403689
13.819759 0.324366
15.826207 0.294845
14.783011 0.313365
9.983919 0.391373
13.064672 0.194611
14.286161 0.345798
15.622929 0.376096
15.251083 0.417511
14.251932 0.347836
14.228769 0.339752
14.054236 0.353951
13.237761 0.282999
14.095648 0.377154
12.558131 0.328854
13.243656 0.257043
13.362820 0.351028
14.017193 0.410448
15.706000 0.317452
14.002966 0.446505
13.480044 0.393287
12.610231 0.229949
14.183329 0.357421
11.540024 0.235664
13.359361 0.378192
11.534293 0.199147
11.899396 0.477279
12.251375 0.411208
11.895067 0.233258
11.929121 0.443185
12.052902 0.413787
13.316441 0.305817
11.920287 0.414515
11.574756 0.291981
11.679444 0.424669
12.512958 0.429925
12.657850 0.323976
11.465394 0.292342
11.769222 0.373119
13.477744 0.437441
11.398234 0.345482
12.355025 0.321071
12.102026 0.389054
11.640879 0.365474
11.175308 0.344342
11.982041 0.413623
13.005560 0.523170
10.481035 0.282870
10.312376 0.254551
12.300849 0.405112
10.437724 0.296507
10.383335 0.279280
10.709883 0.334604
11.257030 0.378219
10.622541 0.314425
10.745693 0.330104
10.538112 0.323068
10.902228 0.315832
10.357523 0.361528
10.765088 0.385611
10.413811 0.316487
11.323030 0.386340
10.207496 0.329382
10.513711 0.361299
10.366843 0.336104

19.352352 0.335730
20.121958 0.388018
20.732673 0.350012
14.603837 0.477833
20.997865 0.367553
20.566081 0.416311
19.805970 0.254193
26.178201 0.211181
19.467005 0.304648
29.576017 0.230495
17.671468 0.426084
17.801732 0.418828
18.326782 0.281758
17.843513 0.288435
17.155028 0.223995
23.328618 0.157204
18.104241 0.381284
16.234632 0.283946
18.602846 0.339767
16.736561 0.391967
17.631293 0.361621
16.266738 0.306855
17.681516 0.381783
17.127745 0.357448
16.742922 0.377020
17.227358 0.218211
17.373779 0.441906
24.592196 0.483143
17.151228 0.281391
17.832898 0.231641
16.752010 0.245596
16.817108 0.279523
15.826207 0.294845
10.493235 0.168773
16.815535 0.323463
17.447841 0.316105
16.933629 0.399981
19.221806 0.316950
16.254938 0.307230
16.418546 0.285405
16.022890 0.360768
15.956438 0.296673
16.133901 0.376785
15.708543 0.374104
15.750046 0.402640
16.896465 0.315144
15.190793 0.282589
15.127321 0.313617
15.633298 0.397046
15.720131 0.345221
14.123424 0.363474
15.566308 0.423591
15.563268 0.398487
13.819759 0.324366
15.017743 0.403689
14.783011 0.313365
13.064672 0.194611
14.286161 0.345798
15.622929 0.376096
15.251083 0.417511
14.251932 0.347836
14.228769 0.339752
14.258909 0.358479
14.054236 0.353951
13.237761 0.282999
14.095648 0.377154
12.558131 0.328854
13.243656 0.257043
13.362820 0.351028
14.017193 0.410448
15.706000 0.317452
14.002966 0.446505
13.480044 0.393287
12.610231 0.229949
14.183329 0.357421
11.540024 0.235664
13.359361 0.378192
11.534293 0.199147
11.899396 0.477279
12.251375 0.411208
11.895067 0.233258
11.929121 0.443185
12.052902 0.413787
13.316441 0.305817
11.920287 0.414515
11.574756 0.291981
11.679444 0.424669
12.512958 0.429925
12.657850 0.323976
11.465394 0.292342
11.769222 0.373119
13.477744 0.437441
11.398234 0.345482
12.355025 0.321071
12.102026 0.389054
11.640879 0.365474
11.175308 0.344342
11.982041 0.413623
13.005560 0.523170
10.481035 0.282870

29.576017 0.230495
23.585828 0.250407
26.178201 0.211181
26.292182 0.196764
23.328618 0.157204
20.833982 0.292768
24.592196 0.483143
15.958631 0.613888
19.352352 0.335730
20.594973 0.437975
20.121958 0.388018
20.992097 0.377034
20.732673 0.350012
22.665994 0.334569
20.997865 0.367553
18.559511 0.401383
19.805970 0.254193
18.752630 0.257619
19.467005 0.304648
18.652785 0.302491
20.566081 0.416311
26.201898 0.482000
17.832898 0.231641
17.309681 0.243999
17.671468 0.426084
19.032592 0.445642
18.326782 0.281758
18.005756 0.274882
17.155028 0.223995
18.515465 0.223404
18.104241 0.381284
16.288804 0.366506
18.602846 0.339767
19.853232 0.328320
17.631293 0.361621
16.416611 0.365433
17.801732 0.418828
17.838486 0.409629
17.843513 0.288435
17.979062 0.327705
17.227358 0.218211
19.221806 0.316950
17.681516 0.381783
16.742922 0.377020
16.817108 0.279523
17.373779 0.441906
17.127745 0.357448
16.418546 0.285405
17.151228 0.281391
16.752010 0.245596
17.447841 0.316105
16.234632 0.283946
16.266738 0.306855
15.826207 0.294845
16.815535 0.323463
16.933629 0.399981
16.254938 0.307230
16.022890 0.360768
15.956438 0.296673
16.736561 0.391967
16.133901 0.376785
15.708543 0.374104
15.750046 0.402640
16.896465 0.315144
15.190793 0.282589
15.127321 0.313617
15.633298 0.397046
15.720131 0.345221
14.123424 0.363474
15.566308 0.423591
15.563268 0.398487
13.819759 0.324366
15.017743 0.403689
14.783011 0.313365
13.064672 0.194611
14.286161 0.345798
15.622929 0.376096
15.251083 0.417511
14.251932 0.347836
14.228769 0.339752
14.258909 0.358479
14.054236 0.353951
13.237761 0.282999
14.095648 0.377154
12.558131 0.328854
13.243656 0.257043
13.362820 0.351028
14.017193 0.410448
15.706000 0.317452
14.002966 0.446505
13.480044 0.393287
12.610231 0.229949
14.183329 0.357421
11.540024 0.235664
13.359361 0.378192
11.534293 0.199147
11.899396 0.477279
12.251375 0.411208
11.895067 0.233258
11.929121 0.443185

29.576017 0.230495
23.726643 0.359206
26.292182 0.196764
18.702920 0.272446
26.178201 0.211181
17.565002 0.363796
23.328618 0.157204
25.164037 0.211936
23.585828 0.250407
20.112926 0.296811
26.201898 0.482000
22.888284 0.416402
20.833982 0.292768
19.633804 0.294885
24.592196 0.483143
21.720172 0.346509
19.352352 0.335730
24.623178 0.294285
20.992097 0.377034
19.991185 0.328453
20.121958 0.388018
21.318210 0.289257
20.732673 0.350012
18.831767 0.307117
20.997865 0.367553
27.396606 0.273878
19.805970 0.254193
19.838101 0.297549
19.467005 0.304648
20.552247 0.281158
19.853232 0.328320
23.061431 0.364153
20.594973 0.437975
13.042524 0.207518
20.566081 0.416311
21.736879 0.406298
18.515465 0.223404
19.544128 0.254118
22.665994 0.334569
21.130517 0.313527
19.032592 0.445642
18.752630 0.257619
17.832898 0.231641
17.671468 0.426084
18.326782 0.281758
18.652785 0.302491
17.309681 0.243999
17.155028 0.223995
18.104241 0.381284
18.005756 0.274882
18.602846 0.339767
17.631293 0.361621
16.288804 0.366506
17.801732 0.418828
17.843513 0.288435
17.979062 0.327705
17.227358 0.218211
19.221806 0.316950
17.681516 0.381783
18.559511 0.401383
16.742922 0.377020
16.817108 0.279523
17.373779 0.441906
17.127745 0.357448
16.416611 0.365433
16.418546 0.285405
17.838486 0.409629
17.151228 0.281391
16.752010 0.245596
17.447841 0.316105
16.234632 0.283946
16.266738 0.306855
15.826207 0.294845
16.815535 0.323463
16.933629 0.399981
16.254938 0.307230
16.022890 0.360768
15.956438 0.296673
16.736561 0.391967
16.133901 0.376785
15.708543 0.374104
15.750046 0.402640
16.896465 0.315144
15.190793 0.282589
15.127321 0.313617
15.633298 0.397046
15.720131 0.345221
14.123424 0.363474
15.566308 0.423591
15.563268 0.398487
13.819759 0.324366
15.017743 0.403689
14.783011 0.313365
13.064672 0.194611
14.286161 0.345798
15.622929 0.376096
15.251083 0.417511
14.251932 0.347836
14.228769 0.339752
14.258909 0.358479

29.576017 0.230495
26.779606 0.306584
26.292182 0.196764
27.303239 0.221399
26.178201 0.211181
25.998163 0.207025
27.396606 0.273878
27.758156 0.260930
23.328618 0.157204
23.500806 0.202033
25.164037 0.211936
23.127179 0.266226
24.623178 0.294285
26.442401 0.299034
23.585828 0.250407
20.629445 0.276538
26.201898 0.482000
24.123589 0.377371
23.726643 0.359206
21.358748 0.294169
21.318210 0.289257
19.752952 0.258848
20.833982 0.292768
24.475076 0.255205
23.061431 0.364153
24.657398 0.300426
21.130517 0.313527
25.663356 0.257538
18.702920 0.272446
17.026515 0.170728
24.592196 0.483143
24.608752 0.431501
19.352352 0.335730
22.146268 0.335787
21.720172 0.346509
23.783910 0.304130
19.544128 0.254118
24.340371 0.218718
20.552247 0.281158
11.605165 0.246811
22.888284 0.416402
20.992097 0.377034
20.121958 0.388018
20.732673 0.350012
20.112926 0.296811
20.997865 0.367553
19.805970 0.254193
21.736879 0.406298
19.633804 0.294885
19.991185 0.328453
19.467005 0.304648
18.831767 0.307117
19.853232 0.328320
20.594973 0.437975
20.566081 0.416311
19.838101 0.297549
18.515465 0.223404
22.665994 0.334569
19.032592 0.445642
18.752630 0.257619
17.832898 0.231641
17.671468 0.426084
18.326782 0.281758
18.652785 0.302491
17.309681 0.243999
17.155028 0.223995
18.104241 0.381284
18.005756 0.274882
18.602846 0.339767
17.631293 0.361621
16.288804 0.366506
17.801732 0.418828
17.843513 0.288435
17.979062 0.327705
17.227358 0.218211
19.221806 0.316950
17.681516 0.381783
18.559511 0.401383
16.742922 0.377020
16.817108 0.279523
17.373779 0.441906
17.127745 0.357448
16.416611 0.365433
16.418546 0.285405
17.838486 0.409629
17.151228 0.281391
16.752010 0.245596
17.565002 0.363796
17.447841 0.316105
16.234632 0.283946
16.266738 0.306855
15.826207 0.294845
16.815535 0.323463
16.933629 0.399981
16.254938 0.307230
16.022890 0.360768
15.956438 0.296673
16.736561 0.391967
16.133901 0.376785
15.708543 0.374104

29.576017 0.230495
22.843773 0.280954
27.303239 0.221399
18.289370 0.342084
27.758156 0.260930
27.601708 0.292499
26.292182 0.196764
27.374019 0.185206
25.998163 0.207025
27.034610 0.226286
26.178201 0.211181
39.524030 0.225399
27.396606 0.273878
23.672224 0.235743
25.663356 0.257538
21.900900 0.246247
26.442401 0.299034
23.316667 0.247660
23.328618 0.157204
29.049475 0.177457
25.164037 0.211936
26.873433 0.233393
26.779606 0.306584
27.138462 0.251475
24.623178 0.294285
24.484102 0.240272
24.340371 0.218718
23.372969 0.207689
24.475076 0.255205
27.285348 0.255507
24.657398 0.300426
25.923407 0.270293
23.500806 0.202033
31.482372 0.251584
23.585828 0.250407
25.067376 0.196366
23.127179 0.266226
23.447286 0.231760
23.783910 0.304130
26.884232 0.279523
22.146268 0.335787
26.201898 0.482000
23.726643 0.359206
21.358748 0.294169
24.123589 0.377371
21.318210 0.289257
24.608752 0.431501
20.833982 0.292768
23.061431 0.364153
21.130517 0.313527
17.026515 0.170728
18.702920 0.272446
24.592196 0.483143
20.629445 0.276538
19.352352 0.335730
21.720172 0.346509
19.752952 0.258848
19.544128 0.254118
20.552247 0.281158
22.888284 0.416402
20.992097 0.377034
20.121958 0.388018
20.732673 0.350012
20.112926 0.296811
20.997865 0.367553
19.805970 0.254193
21.736879 0.406298
19.633804 0.294885
19.991185 0.328453
19.467005 0.304648
18.831767 0.307117
19.853232 0.328320
20.594973 0.437975
20.566081 0.416311
19.838101 0.297549
18.515465 0.223404
22.665994 0.334569
19.032592 0.445642
18.752630 0.257619
17.832898 0.231641
17.671468 0.426084
18.326782 0.281758
18.652785 0.302491
17.309681 0.243999
17.155028 0.223995
18.104241 0.381284
18.005756 0.274882
18.602846 0.339767
17.631293 0.361621
16.288804 0.366506
17.801732 0.418828
17.843513 0.288435
17.979062 0.327705
17.227358 0.218211
19.221806 0.316950
17.681516 0.381783
18.559511 0.401383
16.742922 0.377020
16.817108 0.279523
17.373779 0.441906

39.524030 0.225399
33.085893 0.218915
31.482372 0.251584
38.707111 0.257853
29.049475 0.177457
25.778603 0.205509
29.576017 0.230495
28.197257 0.230209
27.374019 0.185206
27.232269 0.234414
27.285348 0.255507
21.879858 0.194970
27.303239 0.221399
30.553599 0.211638
27.758156 0.260930
24.443372 0.257419
27.034610 0.226286
29.419938 0.180230
26.292182 0.196764
28.001744 0.204058
27.138462 0.251475
24.518515 0.249857
26.873433 0.233393
27.500528 0.214849
27.601708 0.292499
26.854980 0.233374
25.998163 0.207025
19.040911 0.180419
26.178201 0.211181
29.000092 0.180642
27.396606 0.273878
27.422212 0.223270
25.067376 0.196366
28.877919 0.215124
25.663356 0.257538
29.068712 0.251306
26.884232 0.279523
25.060469 0.275342
26.442401 0.299034
30.133157 0.237483
23.328618 0.157204
25.923407 0.270293
25.164037 0.211936
26.779606 0.306584
24.623178 0.294285
24.484102 0.240272
24.340371 0.218718
24.475076 0.255205
24.657398 0.300426
23.500806 0.202033
23.372969 0.207689
23.672224 0.235743
23.316667 0.247660
23.585828 0.250407
23.447286 0.231760
23.127179 0.266226
23.783910 0.304130
22.146268 0.335787
26.201898 0.482000
21.900900 0.246247
23.726643 0.359206
22.843773 0.280954
21.358748 0.294169
24.123589 0.377371
21.318210 0.289257
24.608752 0.431501
20.833982 0.292768
23.061431 0.364153
21.130517 0.313527
17.026515 0.170728
18.702920 0.272446
24.592196 0.483143
20.629445 0.276538
19.352352 0.335730
21.720172 0.346509
19.752952 0.258848
19.544128 0.254118
20.552247 0.281158
22.888284 0.416402
20.992097 0.377034
20.121958 0.388018
20.732673 0.350012
20.112926 0.296811
20.997865 0.367553
19.805970 0.254193
21.736879 0.406298
19.633804 0.294885
19.991185 0.328453
19.467005 0.304648
18.831767 0.307117
19.853232 0.328320
20.594973 0.437975
20.566081 0.416311
19.838101 0.297549
18.515465 0.223404
22.665994 0.334569
19.032592 0.445642
18.752630 0.257619
17.832898 0.231641
17.671468 0.426084

39.524030 0.225399
32.594370 0.193673
38.707111 0.257853
37.478175 0.273022
33.085893 0.218915
35.911730 0.233587
29.419938 0.180230
30.608977 0.216835
30.553599 0.211638
31.049725 0.211612
31.482372 0.251584
42.796813 0.301522
29.000092 0.180642
25.934569 0.291679
29.049475 0.177457
33.137078 0.184517
28.877919 0.215124
28.132603 0.217879
29.068712 0.251306
33.917505 0.223303
29.576017 0.230495
30.199456 0.211857
28.001744 0.204058
31.405824 0.239613
30.133157 0.237483
30.624695 0.201014
27.374019 0.185206
25.976551 0.213854
27.500528 0.214849
17.105428 0.236742
28.197257 0.230209
35.559702 0.253049
27.422212 0.223270
25.658870 0.205135
27.285348 0.255507
30.665996 0.226686
27.232269 0.234414
27.927745 0.222410
27.303239 0.221399
26.815049 0.186828
27.758156 0.260930
26.854980 0.233374
27.034610 0.226286
26.292182 0.196764
27.138462 0.251475
26.873433 0.233393
27.601708 0.292499
25.998163 0.207025
26.178201 0.211181
27.396606 0.273878
25.067376 0.196366
25.663356 0.257538
26.884232 0.279523
26.442401 0.299034
25.778603 0.205509
23.328618 0.157204
25.923407 0.270293
25.164037 0.211936
26.779606 0.306584
24.623178 0.294285
24.484102 0.240272
25.060469 0.275342
24.340371 0.218718
24.518515 0.249857
24.475076 0.255205
24.657398 0.300426
23.500806 0.202033
24.443372 0.257419
23.372969 0.207689
23.672224 0.235743
23.316667 0.247660
23.585828 0.250407
23.447286 0.231760
23.127179 0.266226
23.783910 0.304130
22.146268 0.335787
26.201898 0.482000
21.900900 0.246247
23.726643 0.359206
22.843773 0.280954
21.358748 0.294169
24.123589 0.377371
21.318210 0.289257
24.608752 0.431501
19.040911 0.180419
20.833982 0.292768
23.061431 0.364153
21.130517 0.313527
21.879858 0.194970
17.026515 0.170728
18.702920 0.272446
24.592196 0.483143
20.629445 0.276538
19.352352 0.335730
21.720172 0.346509
19.752952 0.258848
19.544128 0.254118
20.552247 0.281158
22.888284 0.416402
20.992097 0.377034

39.524030 0.225399
37.693606 0.237983
42.796813 0.301522
34.882358 0.230272
38.707111 0.257853
42.273902 0.228970
37.478175 0.273022
36.714000 0.245188
35.911730 0.233587
32.613085 0.224483
35.559702 0.253049
28.754970 0.285275
33.917505 0.223303
30.174694 0.246836
33.137078 0.184517
32.824561 0.215627
32.594370 0.193673
31.055733 0.216922
33.085893 0.218915
34.656606 0.236512
31.049725 0.211612
29.016078 0.194252
29.419938 0.180230
29.022254 0.196838
30.553599 0.211638
27.447266 0.210009
31.405824 0.239613
35.010133 0.214080
30.608977 0.216835
29.162046 0.226770
30.624695 0.201014
30.082825 0.209697
31.482372 0.251584
33.158788 0.244713
30.665996 0.226686
43.151934 0.131674
29.000092 0.180642
40.247069 0.128869
30.199456 0.211857
30.418674 0.203579
29.049475 0.177457
28.877919 0.215124
29.068712 0.251306
29.576017 0.230495
28.001744 0.204058
30.133157 0.237483
27.374019 0.185206
28.132603 0.217879
27.927745 0.222410
27.500528 0.214849
28.197257 0.230209
26.815049 0.186828
27.422212 0.223270
27.285348 0.255507
27.232269 0.234414
27.303239 0.221399
27.758156 0.260930
26.854980 0.233374
27.034610 0.226286
26.292182 0.196764
27.138462 0.251475
26.873433 0.233393
27.601708 0.292499
25.998163 0.207025
26.178201 0.211181
25.658870 0.205135
27.396606 0.273878
25.067376 0.196366
25.663356 0.257538
26.884232 0.279523
25.976551 0.213854
26.442401 0.299034
25.778603 0.205509
23.328618 0.157204
25.923407 0.270293
25.164037 0.211936
26.779606 0.306584
24.623178 0.294285
24.484102 0.240272
25.060469 0.275342
24.340371 0.218718
24.518515 0.249857
24.475076 0.255205
25.934569 0.291679
24.657398 0.300426
23.500806 0.202033
24.443372 0.257419
23.372969 0.207689
23.672224 0.235743
23.316667 0.247660
23.585828 0.250407
23.447286 0.231760
23.127179 0.266226
23.783910 0.304130
22.146268 0.335787
26.201898 0.482000
21.900900 0.246247
23.726643 0.359206
22.843773 0.280954
21.358748 0.294169

43.151934 0.131674
40.422514 0.158805
42.273902 0.228970
32.108537 0.174069
40.247069 0.128869
42.662656 0.182369
39.524030 0.225399
40.319966 0.234533
42.796813 0.301522
42.701295 0.257061
38.707111 0.257853
36.702603 0.270749
37.693606 0.237983
37.181898 0.255081
37.478175 0.273022
25.779345 0.263075
36.714000 0.245188
25.460046 0.344220
35.911730 0.233587
36.094320 0.163951
35.010133 0.214080
41.284475 0.316041
35.559702 0.253049
35.567994 0.248269
33.917505 0.223303
34.483977 0.196272
34.656606 0.236512
31.540585 0.138416
33.137078 0.184517
35.509319 0.168534
32.594370 0.193673
33.018010 0.200227
33.085893 0.218915
36.116269 0.218162
32.824561 0.215627
33.478749 0.170978
34.882358 0.230272
33.897928 0.208809
33.158788 0.244713
33.514813 0.235376
32.613085 0.224483
31.049725 0.211612
29.419938 0.180230
30.553599 0.211638
30.418674 0.203579
31.405824 0.239613
31.055733 0.216922
30.608977 0.216835
30.624695 0.201014
31.482372 0.251584
30.665996 0.226686
29.016078 0.194252
29.000092 0.180642
30.199456 0.211857
29.022254 0.196838
29.049475 0.177457
30.082825 0.209697
30.174694 0.246836
28.877919 0.215124
29.068712 0.251306
29.162046 0.226770
29.576017 0.230495
28.001744 0.204058
30.133157 0.237483
27.374019 0.185206
28.132603 0.217879
27.927745 0.222410
27.447266 0.210009
27.500528 0.214849
28.197257 0.230209
26.815049 0.186828
27.422212 0.223270
27.285348 0.255507
27.232269 0.234414
27.303239 0.221399
27.758156 0.260930
26.854980 0.233374
27.034610 0.226286
26.292182 0.196764
27.138462 0.251475
28.754970 0.285275
26.873433 0.233393
27.601708 0.292499
25.998163 0.207025
26.178201 0.211181
25.658870 0.205135
27.396606 0.273878
25.067376 0.196366
25.663356 0.257538
26.884232 0.279523
25.976551 0.213854
26.442401 0.299034
25.778603 0.205509
23.328618 0.157204
25.923407 0.270293
25.164037 0.211936
26.779606 0.306584
24.623178 0.294285
24.484102 0.240272
25.060469 0.275342

43.151934 0.131674
42.364241 0.185731
42.662656 0.182369
39.239445 0.215907
40.422514 0.158805
39.409398 0.213421
42.273902 0.228970
35.256788 0.303121
40.247069 0.128869
41.684932 0.207416
40.319966 0.234533
43.266054 0.228090
42.701295 0.257061
38.460465 0.231991
39.524030 0.225399
41.358058 0.228229
41.284475 0.316041
44.738902 0.299537
42.796813 0.301522
44.633115 0.280748
38.707111 0.257853
41.078658 0.306879
35.509319 0.168534
39.893249 0.210798
37.693606 0.237983
38.048070 0.247277
36.094320 0.163951
42.982571 0.230392
37.181898 0.255081
45.792350 0.283948
37.478175 0.273022
54.438061 0.175210
36.714000 0.245188
26.764264 0.344690
36.116269 0.218162
32.024992 0.236237
35.911730 0.233587
18.370862 0.162372
35.010133 0.214080
36.537802 0.180373
35.567994 0.248269
36.702603 0.270749
34.483977 0.196272
35.559702 0.253049
33.478749 0.170978
33.917505 0.223303
32.108537 0.174069
34.656606 0.236512
33.137078 0.184517
33.897928 0.208809
33.018010 0.200227
32.594370 0.193673
33.085893 0.218915
32.824561 0.215627
31.540585 0.138416
34.882358 0.230272
33.514813 0.235376
33.158788 0.244713
32.613085 0.224483
31.049725 0.211612
29.419938 0.180230
30.553599 0.211638
30.418674 0.203579
31.405824 0.239613
31.055733 0.216922
30.608977 0.216835
30.624695 0.201014
31.482372 0.251584
30.665996 0.226686
29.016078 0.194252
29.000092 0.180642
30.199456 0.211857
29.022254 0.196838
29.049475 0.177457
30.082825 0.209697
30.174694 0.246836
28.877919 0.215124
29.068712 0.251306
29.162046 0.226770
29.576017 0.230495
28.001744 0.204058
30.133157 0.237483
27.374019 0.185206
28.132603 0.217879
27.927745 0.222410
27.447266 0.210009
27.500528 0.214849
28.197257 0.230209
26.815049 0.186828
27.422212 0.223270
27.285348 0.255507
27.232269 0.234414
27.303239 0.221399
27.758156 0.260930
26.854980 0.233374
27.034610 0.226286
26.292182 0.196764
27.138462 0.251475
28.754970 0.285275
26.873433 0.233393

54.438061 0.175210
47.111547 0.187862
43.151934 0.131674
39.676207 0.174602
42.364241 0.185731
31.475003 0.172958
45.792350 0.283948
60.474105 0.177579
42.662656 0.182369
35.984474 0.265956
44.738902 0.299537
45.358703 0.196113
40.422514 0.158805
35.869915 0.247656
44.633115 0.280748
47.081320 0.263072
42.273902 0.228970
43.701914 0.174133
41.684932 0.207416
39.068427 0.194022
43.266054 0.228090
46.731488 0.212495
42.982571 0.230392
42.626204 0.239881
40.247069 0.128869
50.285007 0.164221
41.358058 0.228229
49.486460 0.307339
39.893249 0.210798
36.891621 0.220130
39.409398 0.213421
58.130295 0.280357
40.319966 0.234533
39.953420 0.225700
42.701295 0.257061
41.035348 0.220154
39.239445 0.215907
41.620774 0.212267
39.524030 0.225399
42.570154 0.182859
41.284475 0.316041
41.078658 0.306879
42.796813 0.301522
38.707111 0.257853
38.460465 0.231991
36.537802 0.180373
35.509319 0.168534
37.693606 0.237983
36.094320 0.163951
37.181898 0.255081
38.048070 0.247277
37.478175 0.273022
36.714000 0.245188
36.116269 0.218162
35.911730 0.233587
35.010133 0.214080
35.567994 0.248269
36.702603 0.270749
34.483977 0.196272
35.559702 0.253049
33.478749 0.170978
33.917505 0.223303
32.108537 0.174069
34.656606 0.236512
33.137078 0.184517
33.897928 0.208809
33.018010 0.200227
35.256788 0.303121
32.594370 0.193673
33.085893 0.218915
32.824561 0.215627
31.540585 0.138416
34.882358 0.230272
33.514813 0.235376
33.158788 0.244713
32.613085 0.224483
32.024992 0.236237
31.049725 0.211612
29.419938 0.180230
30.553599 0.211638
30.418674 0.203579
31.405824 0.239613
31.055733 0.216922
30.608977 0.216835
30.624695 0.201014
31.482372 0.251584
30.665996 0.226686
29.016078 0.194252
29.000092 0.180642
30.199456 0.211857
29.022254 0.196838
29.049475 0.177457
30.082825 0.209697
30.174694 0.246836
28.877919 0.215124
29.068712 0.251306
29.162046 0.226770
29.576017 0.230495
28.001744 0.204058
30.133157 0.237483

60.474105 0.177579
52.804431 0.194310
58.130295 0.280357
46.869611 0.214977
54.438061 0.175210
57.886000 0.081108
50.285007 0.164221
42.611899 0.162195
47.111547 0.187862
45.705917 0.196201
49.486460 0.307339
45.877282 0.247394
43.151934 0.131674
46.338510 0.142171
47.081320 0.263072
46.454377 0.247091
45.358703 0.196113
45.285282 0.268389
46.731488 0.212495
41.329683 0.226795
43.701914 0.174133
45.146351 0.137963
42.364241 0.185731
45.700859 0.221423
45.792350 0.283948
50.795008 0.215293
42.662656 0.182369
40.510305 0.196619
42.570154 0.182859
44.419007 0.187150
44.738902 0.299537
40.364090 0.244567
40.422514 0.158805
39.742621 0.181668
44.633115 0.280748
47.793473 0.297836
42.273902 0.228970
45.278572 0.205531
41.684932 0.207416
41.975610 0.213999
43.266054 0.228090
42.982571 0.230392
41.620774 0.212267
40.247069 0.128869
42.626204 0.239881
39.676207 0.174602
41.035348 0.220154
41.358058 0.228229
39.893249 0.210798
39.409398 0.213421
39.068427 0.194022
39.953420 0.225700
40.319966 0.234533
42.701295 0.257061
39.239445 0.215907
39.524030 0.225399
41.284475 0.316041
41.078658 0.306879
42.796813 0.301522
38.707111 0.257853
38.460465 0.231991
36.537802 0.180373
35.509319 0.168534
37.693606 0.237983
36.891621 0.220130
36.094320 0.163951
37.181898 0.255081
38.048070 0.247277
37.478175 0.273022
36.714000 0.245188
35.984474 0.265956
36.116269 0.218162
35.911730 0.233587
35.010133 0.214080
35.567994 0.248269
35.869915 0.247656
36.702603 0.270749
34.483977 0.196272
35.559702 0.253049
33.478749 0.170978
33.917505 0.223303
32.108537 0.174069
34.656606 0.236512
33.137078 0.184517
33.897928 0.208809
33.018010 0.200227
35.256788 0.303121
32.594370 0.193673
33.085893 0.218915
32.824561 0.215627
31.540585 0.138416
34.882358 0.230272
31.475003 0.172958
33.514813 0.235376
33.158788 0.244713
32.613085 0.224483
32.024992 0.236237
31.049725 0.211612
29.419938 0.180230
30.553599 0.211638

57.886000 0.081108
50.152140 0.148768
60.474105 0.177579
56.366283 0.159477
58.130295 0.280357
47.022018 0.227912
54.438061 0.175210
47.712595 0.183231
52.804431 0.194310
54.741182 0.201463
50.285007 0.164221
49.083201 0.172127
50.795008 0.215293
47.245521 0.159690
46.338510 0.142171
49.210144 0.170452
45.146351 0.137963
52.625124 0.154622
47.111547 0.187862
57.144369 0.221663
46.869611 0.214977
44.810562 0.195568
49.486460 0.307339
49.620086 0.216192
45.705917 0.196201
46.142533 0.215699
43.151934 0.131674
42.703796 0.177278
47.081320 0.263072
47.953184 0.254996
46.454377 0.247091
42.273751 0.265109
45.358703 0.196113
48.216418 0.221182
46.731488 0.212495
30.423850 0.096510
45.700859 0.221423
45.820990 0.195730
45.278572 0.205531
49.578275 0.222556
43.701914 0.174133
47.793473 0.297836
45.877282 0.247394
44.419007 0.187150
42.611899 0.162195
42.364241 0.185731
45.285282 0.268389
45.792350 0.283948
42.662656 0.182369
42.570154 0.182859
44.738902 0.299537
40.422514 0.158805
44.633115 0.280748
41.975610 0.213999
42.273902 0.228970
41.684932 0.207416
43.266054 0.228090
42.982571 0.230392
41.620774 0.212267
40.247069 0.128869
42.626204 0.239881
39.676207 0.174602
39.742621 0.181668
40.510305 0.196619
41.035348 0.220154
41.358058 0.228229
39.893249 0.210798
39.409398 0.213421
39.068427 0.194022
41.329683 0.226795
40.364090 0.244567
39.953420 0.225700
40.319966 0.234533
42.701295 0.257061
39.239445 0.215907
39.524030 0.225399
41.284475 0.316041
41.078658 0.306879
42.796813 0.301522
38.707111 0.257853
38.460465 0.231991
36.537802 0.180373
35.509319 0.168534
37.693606 0.237983
36.891621 0.220130
36.094320 0.163951
37.181898 0.255081
38.048070 0.247277
37.478175 0.273022
36.714000 0.245188
35.984474 0.265956
36.116269 0.218162
35.911730 0.233587
35.010133 0.214080
35.567994 0.248269
35.869915 0.247656
36.702603 0.270749
34.483977 0.196272
35.559702 0.253049
33.478749 0.170978

57.886000 0.081108
59.850943 0.134956
60.474105 0.177579
53.671430 0.177464
56.366283 0.159477
53.108745 0.160954
57.144369 0.221663
59.498089 0.219171
58.130295 0.280357
52.686710 0.240425
54.741182 0.201463
49.693460 0.210462
54.438061 0.175210
48.820845 0.264115
52.625124 0.154622
55.146986 0.148074
52.804431 0.194310
53.971715 0.168802
50.152140 0.148768
48.028070 0.192054
50.285007 0.164221
68.832348 0.300796
50.795008 0.215293
46.652364 0.200160
49.210144 0.170452
48.744449 0.190827
49.083201 0.172127
50.743281 0.169549
49.620086 0.216192
52.882635 0.166504
49.578275 0.222556
50.352185 0.216286
47.245521 0.159690
51.940574 0.182034
48.216418 0.221182
32.538042 0.215927
46.338510 0.142171
34.790287 0.082956
47.712595 0.183231
57.403503 0.137537
45.146351 0.137963
47.111547 0.187862
46.869611 0.214977
47.022018 0.227912
47.953184 0.254996
49.486460 0.307339
46.142533 0.215699
45.820990 0.195730
45.705917 0.196201
43.151934 0.131674
47.081320 0.263072
46.454377 0.247091
44.810562 0.195568
45.358703 0.196113
46.731488 0.212495
45.700859 0.221423
45.278572 0.205531
43.701914 0.174133
47.793473 0.297836
45.877282 0.247394
44.419007 0.187150
42.703796 0.177278
42.611899 0.162195
42.364241 0.185731
45.285282 0.268389
45.792350 0.283948
42.662656 0.182369
42.570154 0.182859
44.738902 0.299537
40.422514 0.158805
44.633115 0.280748
41.975610 0.213999
42.273902 0.228970
41.684932 0.207416
43.266054 0.228090
42.273751 0.265109
42.982571 0.230392
41.620774 0.212267
40.247069 0.128869
42.626204 0.239881
39.676207 0.174602
39.742621 0.181668
40.510305 0.196619
41.035348 0.220154
41.358058 0.228229
39.893249 0.210798
39.409398 0.213421
39.068427 0.194022
41.329683 0.226795
40.364090 0.244567
39.953420 0.225700
40.319966 0.234533
42.701295 0.257061
39.239445 0.215907
39.524030 0.225399
41.284475 0.316041
41.078658 0.306879
42.796813 0.301522
38.707111 0.257853
38.460465 0.231991

68.832348 0.300796
59.876011 0.163559
59.850943 0.134956
55.389224 0.207724
57.886000 0.081108
59.382973 0.167935
60.474105 0.177579
53.805109 0.204743
57.403503 0.137537
62.858610 0.142796
59.498089 0.219171
52.790771 0.190013
56.366283 0.159477
56.304937 0.153419
57.144369 0.221663
39.388738 0.169475
55.146986 0.148074
49.855363 0.168136
58.130295 0.280357
55.625620 0.228098
54.741182 0.201463
57.292071 0.183655
54.438061 0.175210
57.121710 0.221936
53.971715 0.168802
53.407799 0.154755
52.625124 0.154622
52.400280 0.200191
52.882635 0.166504
60.409807 0.183131
53.671430 0.177464
55.704043 0.182652
53.108745 0.160954
53.233706 0.156278
52.804431 0.194310
56.381614 0.201239
52.686710 0.240425
51.008392 0.255324
51.940574 0.182034
58.842062 0.186559
50.152140 0.148768
50.285007 0.164221
50.743281 0.169549
50.795008 0.215293
49.210144 0.170452
50.352185 0.216286
49.693460 0.210462
49.083201 0.172127
49.620086 0.216192
48.744449 0.190827
49.578275 0.222556
47.245521 0.159690
48.028070 0.192054
48.216418 0.221182
46.338510 0.142171
47.712595 0.183231
48.820845 0.264115
45.146351 0.137963
47.111547 0.187862
46.869611 0.214977
47.022018 0.227912
47.953184 0.254996
49.486460 0.307339
46.652364 0.200160
46.142533 0.215699
45.820990 0.195730
45.705917 0.196201
43.151934 0.131674
47.081320 0.263072
46.454377 0.247091
44.810562 0.195568
45.358703 0.196113
46.731488 0.212495
45.700859 0.221423
45.278572 0.205531
43.701914 0.174133
47.793473 0.297836
45.877282 0.247394
44.419007 0.187150
42.703796 0.177278
42.611899 0.162195
42.364241 0.185731
45.285282 0.268389
45.792350 0.283948
42.662656 0.182369
42.570154 0.182859
44.738902 0.299537
40.422514 0.158805
44.633115 0.280748
41.975610 0.213999
42.273902 0.228970
41.684932 0.207416
43.266054 0.228090
42.273751 0.265109
42.982571 0.230392
41.620774 0.212267
40.247069 0.128869
42.626204 0.239881
39.676207 0.174602
39.742621 0.181668

62.858610 0.142796
61.635060 0.099687
68.832348 0.300796
68.547939 0.220557
59.850943 0.134956
65.009622 0.154339
57.886000 0.081108
54.406873 0.165907
59.876011 0.163559
60.290187 0.207018
60.409807 0.183131
60.543724 0.183990
59.382973 0.167935
71.629307 0.328734
60.474105 0.177579
61.453092 0.126497
57.403503 0.137537
58.677009 0.130144
59.498089 0.219171
53.364284 0.207065
58.842062 0.186559
61.507554 0.147053
57.292071 0.183655
50.183310 0.240864
56.304937 0.153419
66.736303 0.098473
56.366283 0.159477
61.178293 0.186657
57.144369 0.221663
29.127551 0.130275
55.146986 0.148074
55.562604 0.159424
56.381614 0.201239
52.354792 0.149165
57.121710 0.221936
36.823592 0.255670
58.130295 0.280357
61.964024 0.249596
55.704043 0.182652
58.468207 0.211248
55.389224 0.207724
54.741182 0.201463
54.438061 0.175210
53.971715 0.168802
55.625620 0.228098
53.407799 0.154755
52.625124 0.154622
53.233706 0.156278
52.882635 0.166504
53.671430 0.177464
53.108745 0.160954
53.805109 0.204743
52.790771 0.190013
52.804431 0.194310
52.686710 0.240425
51.940574 0.182034
50.152140 0.148768
50.285007 0.164221
52.400280 0.200191
50.743281 0.169549
49.855363 0.168136
51.008392 0.255324
50.795008 0.215293
49.210144 0.170452
50.352185 0.216286
49.693460 0.210462
49.083201 0.172127
49.620086 0.216192
48.744449 0.190827
49.578275 0.222556
47.245521 0.159690
48.028070 0.192054
48.216418 0.221182
46.338510 0.142171
47.712595 0.183231
48.820845 0.264115
45.146351 0.137963
47.111547 0.187862
46.869611 0.214977
47.022018 0.227912
47.953184 0.254996
49.486460 0.307339
46.652364 0.200160
46.142533 0.215699
45.820990 0.195730
45.705917 0.196201
43.151934 0.131674
47.081320 0.263072
46.454377 0.247091
44.810562 0.195568
45.358703 0.196113
46.731488 0.212495
45.700859 0.221423
45.278572 0.205531
43.701914 0.174133
47.793473 0.297836
45.877282 0.247394
44.419007 0.187150
42.703796 0.177278
42.611899 0.162195

66.736303 0.098473
73.712021 0.172747
68.547939 0.220557
62.470676 0.192404
71.629307 0.328734
67.946615 0.251905
65.009622 0.154339
60.222994 0.150200
62.858610 0.142796
64.167648 0.147522
68.832348 0.300796
60.512032 0.229206
61.635060 0.099687
68.432883 0.132338
61.453092 0.126497
64.938377 0.136644
61.507554 0.147053
57.854279 0.112802
59.850943 0.134956
87.185012 0.097008
57.886000 0.081108
57.308342 0.121678
61.178293 0.186657
58.799037 0.169288
59.876011 0.163559
64.611260 0.179474
58.677009 0.130144
57.329033 0.119799
60.543724 0.183990
59.812787 0.180469
60.409807 0.183131
66.092473 0.237791
61.964024 0.249596
57.585943 0.203284
59.382973 0.167935
66.894400 0.123448
60.474105 0.177579
60.144018 0.179732
60.290187 0.207018
74.692157 0.135710
57.403503 0.137537
59.498089 0.219171
58.842062 0.186559
58.468207 0.211248
57.292071 0.183655
56.304937 0.153419
56.366283 0.159477
57.144369 0.221663
55.146986 0.148074
56.381614 0.201239
55.562604 0.159424
57.121710 0.221936
58.130295 0.280357
54.406873 0.165907
55.704043 0.182652
55.389224 0.207724
54.741182 0.201463
54.438061 0.175210
53.971715 0.168802
55.625620 0.228098
53.407799 0.154755
52.354792 0.149165
52.625124 0.154622
53.233706 0.156278
52.882635 0.166504
53.671430 0.177464
53.108745 0.160954
53.805109 0.204743
52.790771 0.190013
53.364284 0.207065
52.804431 0.194310
52.686710 0.240425
51.940574 0.182034
50.152140 0.148768
50.285007 0.164221
52.400280 0.200191
50.743281 0.169549
49.855363 0.168136
51.008392 0.255324
50.795008 0.215293
49.210144 0.170452
50.183310 0.240864
50.352185 0.216286
49.693460 0.210462
49.083201 0.172127
49.620086 0.216192
48.744449 0.190827
49.578275 0.222556
47.245521 0.159690
48.028070 0.192054
48.216418 0.221182
46.338510 0.142171
47.712595 0.183231
48.820845 0.264115
45.146351 0.137963
47.111547 0.187862
46.869611 0.214977
47.022018 0.227912
47.953184 0.254996
49.486460 0.307339

87.185012 0.097008
81.585597 0.130232
74.692157 0.135710
76.365887 0.131287
73.712021 0.172747
73.906490 0.163390
68.432883 0.132338
49.730722 0.184985
66.894400 0.123448
64.629575 0.133597
66.736303 0.098473
64.554329 0.180065
68.547939 0.220557
70.746379 0.177190
64.938377 0.136644
65.203819 0.135199
71.629307 0.328734
66.088142 0.234245
65.009622 0.154339
36.347382 0.180137
67.946615 0.251905
82.862873 0.259391
64.167648 0.147522
71.476751 0.137392
62.858610 0.142796
75.519917 0.153009
64.611260 0.179474
71.485002 0.237880
66.092473 0.237791
70.233819 0.192462
68.832348 0.300796
80.170024 0.292363
61.635060 0.099687
72.513358 0.139057
61.453092 0.126497
57.406982 0.124142
61.507554 0.147053
65.977500 0.153512
59.850943 0.134956
64.949987 0.207369
62.470676 0.192404
57.886000 0.081108
60.222994 0.150200
61.178293 0.186657
59.876011 0.163559
58.677009 0.130144
60.543724 0.183990
60.409807 0.183131
61.964024 0.249596
57.854279 0.112802
59.382973 0.167935
60.474105 0.177579
60.290187 0.207018
57.308342 0.121678
60.144018 0.179732
59.812787 0.180469
57.329033 0.119799
58.799037 0.169288
57.403503 0.137537
59.498089 0.219171
60.512032 0.229206
58.842062 0.186559
58.468207 0.211248
57.292071 0.183655
56.304937 0.153419
57.585943 0.203284
56.366283 0.159477
57.144369 0.221663
55.146986 0.148074
56.381614 0.201239
55.562604 0.159424
57.121710 0.221936
58.130295 0.280357
54.406873 0.165907
55.704043 0.182652
55.389224 0.207724
54.741182 0.201463
54.438061 0.175210
53.971715 0.168802
55.625620 0.228098
53.407799 0.154755
52.354792 0.149165
52.625124 0.154622
53.233706 0.156278
52.882635 0.166504
53.671430 0.177464
53.108745 0.160954
53.805109 0.204743
52.790771 0.190013
53.364284 0.207065
52.804431 0.194310
52.686710 0.240425
51.940574 0.182034
50.152140 0.148768
50.285007 0.164221
52.400280 0.200191
50.743281 0.169549
49.855363 0.168136
51.008392 0.255324
50.795008 0.215293

87.185012 0.097008
84.193487 0.094448
81.585597 0.130232
69.762906 0.136743
82.862873 0.259391
78.601689 0.347471
75.519917 0.153009
100.885880 0.093806
76.365887 0.131287
72.030541 0.135423
74.692157 0.135710
68.175424 0.141928
73.906490 0.163390
77.576409 0.212181
80.170024 0.292363
69.726691 0.214432
73.712021 0.172747
77.271405 0.164809
72.513358 0.139057
79.403479 0.203796
71.476751 0.137392
71.578842 0.140397
70.746379 0.177190
34.277011 0.174581
68.432883 0.132338
89.662143 0.078300
70.233819 0.192462
77.705737 0.131298
71.485002 0.237880
69.071880 0.191599
66.894400 0.123448
74.983438 0.147401
66.736303 0.098473
62.495142 0.136289
68.547939 0.220557
78.199272 0.297563
65.977500 0.153512
64.994309 0.127512
64.938377 0.136644
64.091500 0.141684
65.203819 0.135199
71.629307 0.328734
65.009622 0.154339
64.629575 0.133597
67.946615 0.251905
64.167648 0.147522
66.088142 0.234245
62.858610 0.142796
64.611260 0.179474
64.949987 0.207369
66.092473 0.237791
68.832348 0.300796
64.554329 0.180065
61.635060 0.099687
61.453092 0.126497
61.507554 0.147053
59.850943 0.134956
62.470676 0.192404
57.886000 0.081108
60.222994 0.150200
61.178293 0.186657
59.876011 0.163559
58.677009 0.130144
60.543724 0.183990
60.409807 0.183131
61.964024 0.249596
57.854279 0.112802
59.382973 0.167935
60.474105 0.177579
60.290187 0.207018
57.308342 0.121678
60.144018 0.179732
59.812787 0.180469
57.406982 0.124142
57.329033 0.119799
58.799037 0.169288
57.403503 0.137537
59.498089 0.219171
60.512032 0.229206
58.842062 0.186559
58.468207 0.211248
57.292071 0.183655
56.304937 0.153419
57.585943 0.203284
56.366283 0.159477
57.144369 0.221663
55.146986 0.148074
56.381614 0.201239
55.562604 0.159424
57.121710 0.221936
58.130295 0.280357
54.406873 0.165907
55.704043 0.182652
55.389224 0.207724
54.741182 0.201463
54.438061 0.175210
53.971715 0.168802
55.625620 0.228098
53.407799 0.154755
52.354792 0.149165

100.885880 0.093806
96.819842 0.089948
89.662143 0.078300
95.907100 0.082561
87.185012 0.097008
53.937979 0.126893
84.193487 0.094448
90.396956 0.109945
81.585597 0.130232
98.934393 0.101349
77.705737 0.131298
83.217096 0.145740
82.862873 0.259391
106.032337 0.179801
77.271405 0.164809
51.707902 0.108786
79.403479 0.203796
77.948192 0.153653
75.519917 0.153009
76.433503 0.154728
76.365887 0.131287
69.514263 0.131112
74.983438 0.147401
76.791997 0.145772
77.576409 0.212181
81.720537 0.178275
74.692157 0.135710
79.972144 0.112656
73.906490 0.163390
88.161423 0.140411
80.170024 0.292363
86.412091 0.314828
73.712021 0.172747
75.822749 0.147250
72.513358 0.139057
76.181041 0.138372
72.030541 0.135423
70.080315 0.158324
71.476751 0.137392
75.357754 0.114134
71.578842 0.140397
78.199272 0.297563
69.762906 0.136743
70.746379 0.177190
68.432883 0.132338
78.601689 0.347471
70.233819 0.192462
68.175424 0.141928
69.071880 0.191599
71.485002 0.237880
66.894400 0.123448
66.736303 0.098473
69.726691 0.214432
68.547939 0.220557
65.977500 0.153512
64.938377 0.136644
65.203819 0.135199
71.629307 0.328734
65.009622 0.154339
64.629575 0.133597
64.994309 0.127512
67.946615 0.251905
64.167648 0.147522
64.091500 0.141684
66.088142 0.234245
62.858610 0.142796
64.611260 0.179474
64.949987 0.207369
66.092473 0.237791
68.832348 0.300796
64.554329 0.180065
61.635060 0.099687
62.495142 0.136289
61.453092 0.126497
61.507554 0.147053
59.850943 0.134956
62.470676 0.192404
57.886000 0.081108
60.222994 0.150200
61.178293 0.186657
59.876011 0.163559
58.677009 0.130144
60.543724 0.183990
60.409807 0.183131
61.964024 0.249596
57.854279 0.112802
59.382973 0.167935
60.474105 0.177579
60.290187 0.207018
57.308342 0.121678
60.144018 0.179732
59.812787 0.180469
57.406982 0.124142
57.329033 0.119799
58.799037 0.169288
57.403503 0.137537
59.498089 0.219171
60.512032 0.229206
58.842062 0.186559
58.468207 0.211248

100.885880 0.093806
101.949550 0.106711
106.032337 0.179801
94.033200 0.147616
96.819842 0.089948
97.377546 0.175616
98.934393 0.101349
100.689853 0.093091
95.907100 0.082561
88.676545 0.102674
89.662143 0.078300
87.906089 0.109062
90.396956 0.109945
90.759845 0.110703
87.185012 0.097008
91.860491 0.094719
88.161423 0.140411
89.474575 0.164625
84.193487 0.094448
88.225067 0.089196
83.217096 0.145740
71.061550 0.084477
81.585597 0.130232
84.161876 0.130627
79.972144 0.112656
89.058647 0.090270
81.720537 0.178275
56.771630 0.248262
86.412091 0.314828
85.000946 0.198327
77.705737 0.131298
71.932246 0.157143
82.862873 0.259391
77.824849 0.194195
77.948192 0.153653
86.273588 0.116533
77.271405 0.164809
86.196964 0.214600
76.433503 0.154728
121.716617 0.253039
79.403479 0.203796
75.357754 0.114134
75.519917 0.153009
76.365887 0.131287
76.791997 0.145772
76.181041 0.138372
75.822749 0.147250
74.983438 0.147401
77.576409 0.212181
74.692157 0.135710
73.906490 0.163390
80.170024 0.292363
73.712021 0.172747
72.513358 0.139057
72.030541 0.135423
71.476751 0.137392
71.578842 0.140397
78.199272 0.297563
70.080315 0.158324
69.762906 0.136743
69.514263 0.131112
70.746379 0.177190
68.432883 0.132338
78.601689 0.347471
70.233819 0.192462
68.175424 0.141928
69.071880 0.191599
71.485002 0.237880
66.894400 0.123448
66.736303 0.098473
69.726691 0.214432
68.547939 0.220557
65.977500 0.153512
64.938377 0.136644
65.203819 0.135199
71.629307 0.328734
65.009622 0.154339
64.629575 0.133597
64.994309 0.127512
67.946615 0.251905
64.167648 0.147522
64.091500 0.141684
66.088142 0.234245
62.858610 0.142796
64.611260 0.179474
64.949987 0.207369
66.092473 0.237791
68.832348 0.300796
64.554329 0.180065
61.635060 0.099687
62.495142 0.136289
61.453092 0.126497
61.507554 0.147053
59.850943 0.134956
62.470676 0.192404
57.886000 0.081108
60.222994 0.150200
61.178293 0.186657
59.876011 0.163559
58.677009 0.130144

121.716617 0.253039
110.531205 0.185756
100.885880 0.093806
121.128540 0.201563
106.032337 0.179801
70.460605 0.080218
101.949550 0.106711
63.818526 0.147577
100.689853 0.093091
100.136435 0.130764
96.819842 0.089948
99.721325 0.092448
98.934393 0.101349
96.556224 0.098658
95.907100 0.082561
92.152910 0.130789
97.377546 0.175616
95.390379 0.127959
91.860491 0.094719
47.203291 0.108071
89.662143 0.078300
89.310931 0.090750
94.033200 0.147616
96.149530 0.121831
89.058647 0.090270
84.714206 0.137314
90.759845 0.110703
85.756715 0.098334
88.676545 0.102674
138.836421 0.139867
88.225067 0.089196
85.323510 0.109371
87.906089 0.109062
87.736212 0.117588
90.396956 0.109945
81.068382 0.100752
87.185012 0.097008
88.509731 0.093267
88.161423 0.140411
62.865981 0.084268
89.474575 0.164625
86.273588 0.116533
84.193487 0.094448
84.161876 0.130627
86.196964 0.214600
83.217096 0.145740
85.000946 0.198327
81.585597 0.130232
79.972144 0.112656
81.720537 0.178275
86.412091 0.314828
77.705737 0.131298
82.862873 0.259391
77.948192 0.153653
77.271405 0.164809
76.433503 0.154728
79.403479 0.203796
75.357754 0.114134
75.519917 0.153009
76.365887 0.131287
76.791997 0.145772
76.181041 0.138372
75.822749 0.147250
77.824849 0.194195
74.983438 0.147401
77.576409 0.212181
74.692157 0.135710
73.906490 0.163390
80.170024 0.292363
73.712021 0.172747
72.513358 0.139057
71.061550 0.084477
72.030541 0.135423
71.476751 0.137392
71.578842 0.140397
71.932246 0.157143
78.199272 0.297563
70.080315 0.158324
69.762906 0.136743
69.514263 0.131112
70.746379 0.177190
68.432883 0.132338
78.601689 0.347471
70.233819 0.192462
68.175424 0.141928
69.071880 0.191599
71.485002 0.237880
66.894400 0.123448
66.736303 0.098473
69.726691 0.214432
68.547939 0.220557
65.977500 0.153512
64.938377 0.136644
65.203819 0.135199
71.629307 0.328734
65.009622 0.154339
64.629575 0.133597
64.994309 0.127512
67.946615 0.251905
64.167648 0.147522

138.836421 0.139867
130.267097 0.183126
121.128540 0.201563
114.041031 0.155637
121.716617 0.253039
161.687723 0.276769
110.531205 0.185756
94.835201 0.168627
100.885880 0.093806
108.760191 0.092826
99.721325 0.092448
101.971033 0.101503
106.032337 0.179801
120.135530 0.172272
101.949550 0.106711
96.104279 0.109403
100.689853 0.093091
108.298802 0.102823
96.819842 0.089948
85.849003 0.090991
100.136435 0.130764
103.710319 0.109935
98.934393 0.101349
99.130189 0.092420
95.907100 0.082561
94.797780 0.087492
96.556224 0.098658
98.028222 0.153298
95.390379 0.127959
109.568767 0.149110
97.377546 0.175616
101.655706 0.181322
96.149530 0.121831
97.305196 0.107306
91.860491 0.094719
100.934053 0.135979
92.152910 0.130789
94.212716 0.145765
89.662143 0.078300
88.670386 0.178831
94.033200 0.147616
89.310931 0.090750
89.058647 0.090270
90.759845 0.110703
88.676545 0.102674
88.225067 0.089196
88.509731 0.093267
87.906089 0.109062
90.396956 0.109945
87.736212 0.117588
87.185012 0.097008
88.161423 0.140411
89.474575 0.164625
85.756715 0.098334
86.273588 0.116533
85.323510 0.109371
84.714206 0.137314
84.193487 0.094448
84.161876 0.130627
86.196964 0.214600
83.217096 0.145740
85.000946 0.198327
81.068382 0.100752
81.585597 0.130232
79.972144 0.112656
81.720537 0.178275
86.412091 0.314828
77.705737 0.131298
82.862873 0.259391
77.948192 0.153653
77.271405 0.164809
76.433503 0.154728
79.403479 0.203796
75.357754 0.114134
75.519917 0.153009
76.365887 0.131287
76.791997 0.145772
76.181041 0.138372
75.822749 0.147250
77.824849 0.194195
74.983438 0.147401
77.576409 0.212181
74.692157 0.135710
73.906490 0.163390
80.170024 0.292363
73.712021 0.172747
72.513358 0.139057
71.061550 0.084477
72.030541 0.135423
70.460605 0.080218
71.476751 0.137392
71.578842 0.140397
71.932246 0.157143
78.199272 0.297563
70.080315 0.158324
69.762906 0.136743
69.514263 0.131112
70.746379 0.177190
68.432883 0.132338
78.601689 0.347471

161.687723 0.276769
110.177065 0.115354
138.836421 0.139867
124.121516 0.131534
130.267097 0.183126
126.481312 0.135323
121.128540 0.201563
104.518912 0.137054
120.135530 0.172272
65.784448 0.217614
114.041031 0.155637
128.066339 0.219826
121.716617 0.253039
103.415526 0.131262
108.760191 0.092826
108.805786 0.119980
108.298802 0.102823
111.316801 0.128466
109.568767 0.149110
119.599938 0.143240
110.531205 0.185756
71.389806 0.228292
103.710319 0.109935
95.811049 0.099648
100.885880 0.093806
126.050170 0.136475
101.971033 0.101503
104.864437 0.125211
99.721325 0.092448
113.930513 0.138401
106.032337 0.179801
106.513862 0.156869
101.949550 0.106711
100.059593 0.119862
100.689853 0.093091
100.883230 0.100937
99.130189 0.092420
109.587879 0.122088
100.934053 0.135979
100.353666 0.177679
96.819842 0.089948
100.136435 0.130764
98.934393 0.101349
95.907100 0.082561
96.556224 0.098658
94.797780 0.087492
101.655706 0.181322
97.305196 0.107306
96.104279 0.109403
98.028222 0.153298
95.390379 0.127959
97.377546 0.175616
96.149530 0.121831
94.212716 0.145765
91.860491 0.094719
92.152910 0.130789
89.662143 0.078300
94.835201 0.168627
94.033200 0.147616
89.310931 0.090750
89.058647 0.090270
90.759845 0.110703
88.676545 0.102674
88.225067 0.089196
88.509731 0.093267
87.906089 0.109062
90.396956 0.109945
85.849003 0.090991
87.736212 0.117588
87.185012 0.097008
88.161423 0.140411
89.474575 0.164625
85.756715 0.098334
86.273588 0.116533
85.323510 0.109371
84.714206 0.137314
84.193487 0.094448
84.161876 0.130627
86.196964 0.214600
83.217096 0.145740
85.000946 0.198327
81.068382 0.100752
81.585597 0.130232
88.670386 0.178831
79.972144 0.112656
81.720537 0.178275
86.412091 0.314828
77.705737 0.131298
82.862873 0.259391
77.948192 0.153653
77.271405 0.164809
76.433503 0.154728
79.403479 0.203796
75.357754 0.114134
75.519917 0.153009
76.365887 0.131287
76.791997 0.145772
76.181041 0.138372
75.822749 0.147250
77.824849 0.194195

161.687723 0.276769
104.250194 0.316037
138.836421 0.139867
133.104008 0.125123
126.050170 0.136475
119.533574 0.155069
130.267097 0.183126
124.910182 0.178054
126.481312 0.135323
125.273545 0.142726
124.121516 0.131534
131.834709 0.130359
128.066339 0.219826
123.233337 0.209626
119.599938 0.143240
113.038663 0.158313
121.128540 0.201563
135.507273 0.179498
120.135530 0.172272
118.007544 0.158057
113.930513 0.138401
133.399612 0.209900
114.041031 0.155637
115.028685 0.136721
121.716617 0.253039
127.300141 0.229491
111.316801 0.128466
126.771894 0.148953
108.760191 0.092826
114.631328 0.089332
109.587879 0.122088
146.817578 0.144702
108.298802 0.102823
121.167366 0.140645
108.805786 0.119980
119.766344 0.137562
110.177065 0.115354
105.063894 0.135537
109.568767 0.149110
109.541386 0.087939
110.531205 0.185756
103.710319 0.109935
104.864437 0.125211
104.518912 0.137054
100.885880 0.093806
106.513862 0.156869
101.971033 0.101503
99.721325 0.092448
106.032337 0.179801
101.949550 0.106711
103.415526 0.131262
100.689853 0.093091
100.883230 0.100937
99.130189 0.092420
100.934053 0.135979
96.819842 0.089948
100.136435 0.130764
100.059593 0.119862
98.934393 0.101349
95.907100 0.082561
96.556224 0.098658
94.797780 0.087492
101.655706 0.181322
100.353666 0.177679
97.305196 0.107306
95.811049 0.099648
96.104279 0.109403
98.028222 0.153298
95.390379 0.127959
97.377546 0.175616
96.149530 0.121831
94.212716 0.145765
91.860491 0.094719
92.152910 0.130789
89.662143 0.078300
94.835201 0.168627
94.033200 0.147616
89.310931 0.090750
89.058647 0.090270
90.759845 0.110703
88.676545 0.102674
88.225067 0.089196
88.509731 0.093267
87.906089 0.109062
90.396956 0.109945
85.849003 0.090991
87.736212 0.117588
87.185012 0.097008
88.161423 0.140411
89.474575 0.164625
85.756715 0.098334
86.273588 0.116533
85.323510 0.109371
84.714206 0.137314
84.193487 0.094448
84.161876 0.130627
86.196964 0.214600
83.217096 0.145740
85.000946 0.198327
81.068382 0.100752

161.687723 0.276769
124.306373 0.242822
146.817578 0.144702
140.865165 0.163959
138.836421 0.139867
139.374306 0.221886
133.104008 0.125123
136.004922 0.128359
135.507273 0.179498
130.661870 0.161764
131.834709 0.130359
122.994084 0.131783
126.050170 0.136475
116.974753 0.140560
126.771894 0.148953
119.857782 0.190894
130.267097 0.183126
98.778681 0.199795
133.399612 0.209900
139.001172 0.226081
126.481312 0.135323
147.309684 0.175651
125.273545 0.142726
117.723564 0.144854
124.121516 0.131534
133.078142 0.134375
128.066339 0.219826
131.403957 0.200019
124.910182 0.178054
199.789757 0.159885
121.167366 0.140645
123.975271 0.150840
127.300141 0.229491
137.793260 0.190795
119.533574 0.155069
127.971502 0.154684
119.766344 0.137562
113.078964 0.129038
119.599938 0.143240
143.171524 0.157410
123.233337 0.209626
121.128540 0.201563
114.631328 0.089332
120.135530 0.172272
115.028685 0.136721
118.007544 0.158057
113.930513 0.138401
114.041031 0.155637
121.716617 0.253039
109.541386 0.087939
111.316801 0.128466
113.038663 0.158313
108.760191 0.092826
109.587879 0.122088
108.298802 0.102823
108.805786 0.119980
110.177065 0.115354
109.568767 0.149110
110.531205 0.185756
103.710319 0.109935
104.864437 0.125211
105.063894 0.135537
104.518912 0.137054
100.885880 0.093806
106.513862 0.156869
101.971033 0.101503
99.721325 0.092448
106.032337 0.179801
101.949550 0.106711
103.415526 0.131262
100.689853 0.093091
100.883230 0.100937
99.130189 0.092420
100.934053 0.135979
96.819842 0.089948
100.136435 0.130764
100.059593 0.119862
98.934393 0.101349
95.907100 0.082561
96.556224 0.098658
94.797780 0.087492
101.655706 0.181322
100.353666 0.177679
97.305196 0.107306
95.811049 0.099648
96.104279 0.109403
98.028222 0.153298
95.390379 0.127959
97.377546 0.175616
96.149530 0.121831
94.212716 0.145765
91.860491 0.094719
92.152910 0.130789
89.662143 0.078300
94.835201 0.168627
94.033200 0.147616
104.250194 0.316037
89.310931 0.090750
89.058647 0.090270
90.759845 0.110703

199.789757 0.159885
174.082997 0.179142
161.687723 0.276769
141.511857 0.101950
146.817578 0.144702
135.795542 0.140304
147.309684 0.175651
135.334269 0.209114
143.171524 0.157410
147.502685 0.152801
140.865165 0.163959
146.842092 0.143475
138.836421 0.139867
226.128431 0.162986
136.004922 0.128359
118.439308 0.087010
137.793260 0.190795
129.749980 0.181337
133.104008 0.125123
141.999886 0.134251
133.078142 0.134375
135.947072 0.156658
135.507273 0.179498
139.949440 0.160255
139.374306 0.221886
125.550216 0.207672
131.834709 0.130359
133.616801 0.150170
139.001172 0.226081
144.706155 0.185157
126.050170 0.136475
130.259402 0.134057
130.661870 0.161764
148.721141 0.151609
127.971502 0.154684
139.629293 0.173665
131.403957 0.200019
129.806143 0.208487
126.771894 0.148953
133.488916 0.146816
130.267097 0.183126
133.399612 0.209900
126.481312 0.135323
125.273545 0.142726
124.121516 0.131534
122.994084 0.131783
128.066339 0.219826
123.975271 0.150840
124.910182 0.178054
121.167366 0.140645
127.300141 0.229491
119.533574 0.155069
119.766344 0.137562
116.974753 0.140560
119.599938 0.143240
123.233337 0.209626
121.128540 0.201563
114.631328 0.089332
119.857782 0.190894
117.723564 0.144854
120.135530 0.172272
124.306373 0.242822
115.028685 0.136721
118.007544 0.158057
113.930513 0.138401
114.041031 0.155637
113.078964 0.129038
121.716617 0.253039
109.541386 0.087939
111.316801 0.128466
113.038663 0.158313
108.760191 0.092826
109.587879 0.122088
108.298802 0.102823
108.805786 0.119980
110.177065 0.115354
109.568767 0.149110
110.531205 0.185756
103.710319 0.109935
104.864437 0.125211
105.063894 0.135537
104.518912 0.137054
100.885880 0.093806
106.513862 0.156869
101.971033 0.101503
99.721325 0.092448
106.032337 0.179801
101.949550 0.106711
103.415526 0.131262
100.689853 0.093091
100.883230 0.100937
99.130189 0.092420
100.934053 0.135979
96.819842 0.089948
100.136435 0.130764
100.059593 0.119862
98.934393 0.101349
95.907100 0.082561
96.556224 0.098658
94.797780 0.087492

