3.000000 5.000000
3.000000 5.000000
4.000000 4.000000
2.000000 2.000000
3.000000 1.000000
4.000000 4.000000
1.000000 4.000000
1.000000 2.000000
5.000000 1.000000
5.000000 2.000000
4.000000 3.000000
3.000000 5.000000
2.000000 5.000000
5.000000 5.000000
4.000000 4.000000
2.000000 5.000000
3.000000 4.000000
4.000000 1.000000
1.000000 4.000000
3.000000 3.000000
5.000000 4.000000
5.000000 1.000000
2.000000 3.000000
1.000000 3.000000
2.000000 2.000000
3.000000 4.000000
5.000000 1.000000
2.000000 4.000000
2.000000 5.000000
4.000000 2.000000
2.000000 4.000000
3.000000 4.000000
1.000000 4.000000
2.000000 1.000000
1.000000 3.000000
1.000000 2.000000
4.000000 5.000000
3.000000 5.000000
2.000000 3.000000
4.000000 4.000000
3.000000 4.000000
5.000000 3.000000
1.000000 1.000000
5.000000 3.000000
5.000000 4.000000
4.000000 3.000000
5.000000 5.000000
2.000000 3.000000
5.000000 3.000000
3.000000 1.000000
3.000000 2.000000
5.000000 4.000000
2.000000 5.000000
5.000000 3.000000
5.000000 2.000000
3.000000 4.000000
2.000000 4.000000
5.000000 3.000000
2.000000 4.000000
1.000000 4.000000
5.000000 3.000000
5.000000 1.000000
2.000000 3.000000
5.000000 2.000000
4.000000 1.000000
4.000000 3.000000
1.000000 5.000000
1.000000 2.000000
3.000000 4.000000
2.000000 1.000000
3.000000 4.000000
1.000000 3.000000
2.000000 3.000000
1.000000 2.000000
3.000000 2.000000
5.000000 3.000000
5.000000 5.000000
3.000000 1.000000
1.000000 5.000000
3.000000 3.000000
1.000000 4.000000
2.000000 4.000000
3.000000 2.000000
5.000000 1.000000
3.000000 3.000000
4.000000 5.000000
3.000000 5.000000
2.000000 3.000000
4.000000 3.000000
5.000000 5.000000
5.000000 1.000000
2.000000 1.000000
2.000000 3.000000
5.000000 1.000000
3.000000 1.000000
3.000000 1.000000
3.000000 3.000000
2.000000 1.000000
5.000000 2.000000
2.000000 3.000000

2.000000 3.000000
4.134563 2.048772
5.000000 1.000000
2.789416 1.127601
4.000000 1.000000
3.385971 2.597384
3.000000 4.000000
3.808373 2.527992
2.000000 3.000000
3.192947 2.992498
3.000000 1.000000
2.935130 2.073807
1.000000 5.000000
2.093154 4.197011
1.000000 3.000000
1.538613 3.088310
2.000000 3.000000
3.225233 1.820112
3.000000 1.000000
3.749613 0.968222
2.000000 1.000000
3.133938 1.031683
3.000000 4.000000
4.268287 2.299860
2.000000 3.000000
1.498747 2.415522
5.000000 1.000000
3.186292 3.189670
5.000000 3.000000
5.040457 4.336636
5.000000 3.000000
3.756524 1.850180
1.000000 4.000000
1.004104 4.912085
3.000000 3.000000
2.348672 3.279032
1.000000 2.000000
1.033970 3.175204
4.000000 1.000000
3.360610 2.085666
2.000000 4.000000
1.000000 4.000000
2.000000 3.000000
1.000000 5.000000
4.000000 3.000000
2.000000 3.000000
5.000000 4.000000
1.000000 1.000000
3.000000 4.000000
1.000000 2.000000
5.000000 3.000000
3.000000 3.000000
1.000000 4.000000
1.000000 2.000000
3.000000 1.000000
5.000000 2.000000
3.000000 1.000000
5.000000 1.000000
3.000000 3.000000
5.000000 1.000000
3.000000 4.000000
2.000000 5.000000
2.000000 1.000000
4.000000 4.000000
1.000000 4.000000
2.000000 4.000000
4.000000 3.000000
5.000000 3.000000
5.000000 3.000000
2.000000 1.000000
3.000000 4.000000
3.000000 2.000000
1.000000 2.000000
4.000000 2.000000
2.000000 2.000000
4.000000 3.000000
4.000000 5.000000
3.000000 2.000000
2.000000 1.000000
4.000000 3.000000
1.000000 3.000000
2.000000 5.000000
5.000000 1.000000
1.000000 4.000000
2.000000 2.000000
1.000000 3.000000
3.000000 5.000000
5.000000 1.000000
5.000000 5.000000
5.000000 5.000000
5.000000 5.000000
3.000000 4.000000
3.000000 2.000000
2.000000 4.000000
4.000000 4.000000
5.000000 1.000000
4.000000 4.000000
3.000000 5.000000
3.000000 1.000000
2.000000 3.000000

2.000000 3.000000
2.562460 3.291583
4.000000 1.000000
3.607372 0.964577
5.000000 1.000000
5.258676 1.371782
3.000000 4.000000
3.048803 2.547977
2.000000 3.000000
1.418717 2.716850
1.538613 3.088310
0.637212 4.081384
3.000000 1.000000
2.183797 3.101387
1.000000 5.000000
1.892598 2.863478
4.134563 2.048772
4.280359 2.460090
3.385971 2.597384
5.645962 2.678518
3.756524 1.850180
3.473747 2.041636
3.192947 2.992498
2.374426 3.187391
1.000000 3.000000
1.276224 3.058922
1.004104 4.912085
1.492784 4.170890
4.268287 2.299860
4.752919 3.451462
2.789416 1.127601
1.787755 3.110835
2.935130 2.073807
3.013885 1.390174
2.000000 3.000000
1.023762 3.365598
3.000000 1.000000
3.389977 1.974645
1.033970 3.175204
1.447853 2.922475
2.348672 3.279032
3.749613 0.968222
5.040457 4.336636
3.133938 1.031683
3.000000 4.000000
2.000000 1.000000
5.000000 3.000000
5.000000 3.000000
5.000000 1.000000
2.000000 3.000000
1.000000 4.000000
1.000000 2.000000
3.000000 3.000000
2.093154 4.197011
3.360610 2.085666
4.000000 1.000000
3.225233 1.820112
1.498747 2.415522
3.808373 2.527992
1.000000 1.000000
5.000000 4.000000
2.000000 3.000000
4.000000 3.000000
1.000000 5.000000
2.000000 3.000000
1.000000 4.000000
2.000000 4.000000
3.000000 4.000000
3.186292 3.189670
1.000000 2.000000
3.000000 3.000000
5.000000 3.000000
1.000000 4.000000
1.000000 2.000000
3.000000 1.000000
5.000000 2.000000
3.000000 1.000000
5.000000 1.000000
2.000000 5.000000
3.000000 4.000000
5.000000 1.000000
3.000000 3.000000
2.000000 1.000000
4.000000 4.000000
1.000000 4.000000
2.000000 4.000000
4.000000 3.000000
3.000000 4.000000
2.000000 1.000000
5.000000 3.000000
5.000000 3.000000
2.000000 2.000000
4.000000 2.000000
1.000000 2.000000
3.000000 2.000000
1.000000 4.000000
5.000000 1.000000
2.000000 5.000000
1.000000 3.000000
4.000000 3.000000

4.752919 3.451462
3.495752 2.972932
1.892598 2.863478
2.997852 2.092142
2.000000 3.000000
2.742074 2.441656
5.000000 1.000000
3.995674 2.231226
4.000000 1.000000
3.010491 2.002197
3.000000 4.000000
2.364700 3.442906
3.607372 0.964577
3.649702 1.421688
2.000000 3.000000
2.566465 2.519984
5.258676 1.371782
3.430168 2.085510
1.447853 2.922475
1.701926 3.147561
1.538613 3.088310
2.415823 2.795240
1.418717 2.716850
2.379309 1.814934
3.048803 2.547977
3.285051 1.621673
3.000000 1.000000
2.371262 1.765740
2.562460 3.291583
2.249809 4.728527
1.000000 5.000000
2.231910 3.643798
4.134563 2.048772
2.569513 2.226554
3.385971 2.597384
4.192956 1.976870
1.276224 3.058922
2.755940 3.280725
3.473747 2.041636
3.509553 1.592419
3.756524 1.850180
3.013885 1.390174
3.192947 2.992498
3.389977 1.974645
1.000000 3.000000
2.374426 3.187391
1.004104 4.912085
4.268287 2.299860
2.789416 1.127601
2.935130 2.073807
2.000000 3.000000
3.000000 1.000000
4.280359 2.460090
1.033970 3.175204
2.348672 3.279032
3.749613 0.968222
5.040457 4.336636
0.637212 4.081384
3.133938 1.031683
2.000000 1.000000
3.000000 4.000000
1.023762 3.365598
2.000000 3.000000
5.000000 1.000000
5.000000 3.000000
5.000000 3.000000
1.492784 4.170890
1.000000 4.000000
2.183797 3.101387
1.787755 3.110835
3.000000 3.000000
1.000000 2.000000
2.093154 4.197011
3.360610 2.085666
4.000000 1.000000
3.225233 1.820112
1.498747 2.415522
3.808373 2.527992
2.000000 4.000000
1.000000 4.000000
2.000000 3.000000
1.000000 5.000000
4.000000 3.000000
2.000000 3.000000
5.000000 4.000000
1.000000 1.000000
5.645962 2.678518
3.000000 4.000000
3.186292 3.189670
1.000000 2.000000
5.000000 3.000000
3.000000 3.000000
1.000000 4.000000
1.000000 2.000000
3.000000 1.000000
5.000000 2.000000
3.000000 1.000000
5.000000 1.000000
3.000000 3.000000
5.000000 1.000000

4.752919 3.451462
4.427660 2.280973
3.495752 2.972932
2.691340 2.504365
1.892598 2.863478
4.005543 2.703442
2.000000 3.000000
2.079658 3.299836
2.997852 2.092142
3.641008 1.887731
4.000000 1.000000
3.293776 1.545083
5.000000 1.000000
3.967603 2.748121
3.000000 4.000000
3.138637 3.206247
2.755940 3.280725
2.196245 3.299359
3.649702 1.421688
3.012474 2.631086
3.607372 0.964577
3.617057 1.274387
3.010491 2.002197
3.271044 1.641201
2.000000 3.000000
2.104132 0.955040
5.258676 1.371782
3.393917 2.385964
2.371262 1.765740
1.800179 2.460724
1.701926 3.147561
0.829400 2.316612
3.285051 1.621673
3.308604 2.361393
2.364700 3.442906
2.103942 2.972911
1.447853 2.922475
2.317726 2.336585
1.538613 3.088310
2.180469 2.892912
1.418717 2.716850
3.430168 2.085510
3.048803 2.547977
3.000000 1.000000
4.192956 1.976870
2.379309 1.814934
2.562460 3.291583
1.000000 5.000000
4.134563 2.048772
2.569513 2.226554
3.509553 1.592419
3.385971 2.597384
2.742074 2.441656
1.276224 3.058922
2.566465 2.519984
2.415823 2.795240
3.995674 2.231226
3.473747 2.041636
3.756524 1.850180
3.013885 1.390174
3.192947 2.992498
3.389977 1.974645
1.000000 3.000000
2.374426 3.187391
1.004104 4.912085
4.268287 2.299860
2.789416 1.127601
2.935130 2.073807
2.000000 3.000000
2.231910 3.643798
3.000000 1.000000
4.280359 2.460090
1.033970 3.175204
2.348672 3.279032
3.749613 0.968222
5.040457 4.336636
0.637212 4.081384
3.133938 1.031683
3.000000 4.000000
2.000000 1.000000
1.023762 3.365598
5.000000 3.000000
5.000000 3.000000
5.000000 1.000000
2.000000 3.000000
1.492784 4.170890
1.000000 4.000000
2.183797 3.101387
1.787755 3.110835
1.000000 2.000000
3.000000 3.000000
2.093154 4.197011
3.360610 2.085666
4.000000 1.000000
3.225233 1.820112
1.498747 2.415522
3.808373 2.527992
1.000000 1.000000
5.000000 4.000000
2.000000 3.000000

2.691340 2.504365
2.496179 3.705555
4.752919 3.451462
4.020103 2.243141
3.495752 2.972932
3.541509 3.012082
4.427660 2.280973
3.882382 2.202723
1.892598 2.863478
2.198573 3.296380
2.000000 3.000000
2.016499 2.657606
3.293776 1.545083
3.084737 1.945775
2.997852 2.092142
2.606520 1.473666
5.000000 1.000000
3.900796 2.045779
4.000000 1.000000
5.294310 1.143719
3.641008 1.887731
3.544422 2.070899
2.103942 2.972911
2.970057 1.863292
3.000000 4.000000
3.519689 2.491173
2.755940 3.280725
3.402091 2.230237
3.649702 1.421688
3.929557 1.172283
2.196245 3.299359
3.602361 3.641983
2.104132 0.955040
2.761601 1.056852
0.829400 2.316612
1.395310 2.441407
3.617057 1.274387
2.952562 2.319419
2.079658 3.299836
2.779070 2.289362
3.607372 0.964577
3.138637 3.206247
3.010491 2.002197
1.800179 2.460724
3.308604 2.361393
2.000000 3.000000
3.012474 2.631086
5.258676 1.371782
2.371262 1.765740
1.701926 3.147561
3.271044 1.641201
3.967603 2.748121
3.285051 1.621673
2.364700 3.442906
1.447853 2.922475
1.538613 3.088310
1.418717 2.716850
3.430168 2.085510
3.048803 2.547977
3.000000 1.000000
4.192956 1.976870
2.379309 1.814934
2.562460 3.291583
1.000000 5.000000
4.134563 2.048772
2.569513 2.226554
3.509553 1.592419
2.317726 2.336585
3.393917 2.385964
3.385971 2.597384
2.742074 2.441656
1.276224 3.058922
2.566465 2.519984
2.415823 2.795240
3.995674 2.231226
2.180469 2.892912
3.473747 2.041636
3.756524 1.850180
3.013885 1.390174
3.192947 2.992498
3.389977 1.974645
1.000000 3.000000
2.374426 3.187391
1.004104 4.912085
4.268287 2.299860
2.789416 1.127601
2.935130 2.073807
2.000000 3.000000
2.231910 3.643798
4.005543 2.703442
3.000000 1.000000
4.280359 2.460090
1.033970 3.175204
2.348672 3.279032
3.749613 0.968222
5.040457 4.336636
0.637212 4.081384
3.133938 1.031683
2.000000 1.000000
3.000000 4.000000

2.691340 2.504365
2.760714 1.934007
3.084737 1.945775
3.109798 1.769618
4.752919 3.451462
4.004728 3.508485
5.294310 1.143719
5.086907 1.247187
3.495752 2.972932
3.980774 2.460181
4.020103 2.243141
5.806687 1.797853
3.541509 3.012082
3.759993 2.649871
4.427660 2.280973
5.296071 1.718556
2.016499 2.657606
2.783831 2.594560
1.892598 2.863478
2.072913 2.886746
2.000000 3.000000
2.990555 3.663714
2.606520 1.473666
3.462884 1.865630
3.293776 1.545083
2.559015 2.423982
2.997852 2.092142
3.861502 1.626575
4.000000 1.000000
4.783372 2.062441
5.000000 1.000000
3.219755 1.822044
3.882382 2.202723
3.016628 2.496709
3.544422 2.070899
2.858427 2.481885
3.900796 2.045779
4.020590 1.609368
3.602361 3.641983
3.876081 3.150420
3.641008 1.887731
2.103942 2.972911
2.970057 1.863292
3.929557 1.172283
3.000000 4.000000
1.395310 2.441407
3.402091 2.230237
2.755940 3.280725
2.198573 3.296380
2.761601 1.056852
3.649702 1.421688
2.952562 2.319419
2.196245 3.299359
2.104132 0.955040
0.829400 2.316612
3.519689 2.491173
3.617057 1.274387
2.079658 3.299836
3.607372 0.964577
3.138637 3.206247
3.010491 2.002197
1.800179 2.460724
3.308604 2.361393
2.000000 3.000000
3.012474 2.631086
5.258676 1.371782
2.371262 1.765740
1.701926 3.147561
3.271044 1.641201
3.967603 2.748121
3.285051 1.621673
2.364700 3.442906
1.447853 2.922475
1.538613 3.088310
1.418717 2.716850
3.430168 2.085510
3.048803 2.547977
3.000000 1.000000
4.192956 1.976870
2.379309 1.814934
2.562460 3.291583
1.000000 5.000000
4.134563 2.048772
2.569513 2.226554
2.779070 2.289362
3.509553 1.592419
2.317726 2.336585
3.393917 2.385964
3.385971 2.597384
2.742074 2.441656
1.276224 3.058922
2.566465 2.519984
2.415823 2.795240
3.995674 2.231226
2.180469 2.892912
3.473747 2.041636
3.756524 1.850180
2.496179 3.705555
3.013885 1.390174
3.192947 2.992498

2.691340 2.504365
3.107528 2.854987
3.084737 1.945775
3.502796 1.774493
2.760714 1.934007
4.008839 3.870023
4.752919 3.451462
3.714978 2.711842
3.759993 2.649871
3.701378 2.112574
5.296071 1.718556
4.467723 2.224803
2.858427 2.481885
3.564244 3.289509
5.294310 1.143719
4.398368 1.936417
3.109798 1.769618
6.767761 1.510594
3.495752 2.972932
3.374094 2.312143
4.020103 2.243141
4.357506 2.367593
4.004728 3.508485
4.082521 3.331844
5.086907 1.247187
3.836435 1.969416
3.980774 2.460181
4.583883 2.999191
3.541509 3.012082
3.031120 2.014328
3.876081 3.150420
3.923580 2.780556
3.462884 1.865630
3.454117 2.001693
5.806687 1.797853
4.354296 2.500775
4.783372 2.062441
3.715537 2.413751
4.427660 2.280973
4.426602 1.693048
2.016499 2.657606
1.892598 2.863478
2.000000 3.000000
2.606520 1.473666
3.293776 1.545083
2.997852 2.092142
5.000000 1.000000
4.000000 1.000000
3.882382 2.202723
2.783831 2.594560
2.072913 2.886746
3.544422 2.070899
3.900796 2.045779
3.602361 3.641983
3.641008 1.887731
2.103942 2.972911
2.970057 1.863292
2.559015 2.423982
3.929557 1.172283
3.000000 4.000000
1.395310 2.441407
3.402091 2.230237
2.755940 3.280725
2.198573 3.296380
2.761601 1.056852
3.649702 1.421688
3.016628 2.496709
2.952562 2.319419
2.196245 3.299359
2.104132 0.955040
2.990555 3.663714
0.829400 2.316612
3.519689 2.491173
4.020590 1.609368
3.617057 1.274387
2.079658 3.299836
3.219755 1.822044
3.607372 0.964577
3.138637 3.206247
3.861502 1.626575
3.010491 2.002197
1.800179 2.460724
3.308604 2.361393
2.000000 3.000000
3.012474 2.631086
5.258676 1.371782
2.371262 1.765740
1.701926 3.147561
3.271044 1.641201
3.967603 2.748121
3.285051 1.621673
2.364700 3.442906
1.447853 2.922475
1.538613 3.088310
1.418717 2.716850
3.430168 2.085510
3.048803 2.547977
3.000000 1.000000
4.192956 1.976870
2.379309 1.814934

4.008839 3.870023
4.021570 3.295304
3.031120 2.014328
3.428458 1.891576
2.691340 2.504365
2.927401 2.426671
6.767761 1.510594
5.764194 2.221680
3.107528 2.854987
3.201796 2.443821
3.084737 1.945775
2.797086 1.867778
3.715537 2.413751
2.888475 2.297918
3.714978 2.711842
3.485613 2.174101
3.502796 1.774493
3.423033 2.034534
2.760714 1.934007
3.628906 1.513038
3.701378 2.112574
3.669438 1.840176
4.752919 3.451462
4.285583 2.647616
3.374094 2.312143
3.823835 2.309066
3.759993 2.649871
3.126676 2.185360
5.296071 1.718556
4.422930 1.642622
2.858427 2.481885
3.471075 2.176022
3.454117 2.001693
3.251552 2.286877
5.294310 1.143719
4.654467 1.843140
4.398368 1.936417
3.499173 1.774976
3.109798 1.769618
3.118545 2.312149
3.495752 2.972932
4.467723 2.224803
4.357506 2.367593
4.020103 2.243141
4.004728 3.508485
5.086907 1.247187
3.836435 1.969416
3.980774 2.460181
3.541509 3.012082
3.876081 3.150420
3.462884 1.865630
4.082521 3.331844
4.426602 1.693048
5.806687 1.797853
4.783372 2.062441
4.427660 2.280973
2.016499 2.657606
1.892598 2.863478
2.000000 3.000000
2.606520 1.473666
3.293776 1.545083
2.997852 2.092142
4.000000 1.000000
5.000000 1.000000
3.882382 2.202723
3.923580 2.780556
4.354296 2.500775
2.783831 2.594560
2.072913 2.886746
3.544422 2.070899
3.900796 2.045779
3.602361 3.641983
3.641008 1.887731
2.103942 2.972911
2.970057 1.863292
2.559015 2.423982
3.929557 1.172283
3.000000 4.000000
1.395310 2.441407
3.402091 2.230237
2.755940 3.280725
2.198573 3.296380
2.761601 1.056852
3.649702 1.421688
3.016628 2.496709
2.952562 2.319419
2.196245 3.299359
2.104132 0.955040
2.990555 3.663714
0.829400 2.316612
3.519689 2.491173
4.020590 1.609368
3.617057 1.274387
2.079658 3.299836
3.219755 1.822044
3.607372 0.964577
3.138637 3.206247
3.861502 1.626575
3.010491 2.002197
1.800179 2.460724

4.008839 3.870023
3.595935 3.216815
3.031120 2.014328
3.474276 1.831306
2.691340 2.504365
2.783149 2.477977
6.767761 1.510594
5.817975 2.599596
4.021570 3.295304
3.986255 2.961225
3.107528 2.854987
3.904036 3.194181
2.888475 2.297918
3.448518 2.190908
3.485613 2.174101
3.828543 2.361957
2.927401 2.426671
3.275805 2.056214
3.428458 1.891576
3.712912 2.185692
3.423033 2.034534
3.321040 1.839190
3.084737 1.945775
3.612298 2.159464
3.715537 2.413751
3.226960 2.473101
3.714978 2.711842
3.340531 2.619156
2.797086 1.867778
2.776007 1.942137
3.823835 2.309066
3.387514 2.532728
5.764194 2.221680
5.086862 2.536065
3.126676 2.185360
2.888718 2.473366
3.201796 2.443821
2.968265 2.559703
3.502796 1.774493
4.872221 1.717757
3.118545 2.312149
3.251552 2.286877
2.760714 1.934007
3.471075 2.176022
3.701378 2.112574
3.669438 1.840176
4.752919 3.451462
3.374094 2.312143
3.499173 1.774976
3.759993 2.649871
5.296071 1.718556
2.858427 2.481885
3.454117 2.001693
4.422930 1.642622
5.294310 1.143719
4.398368 1.936417
4.285583 2.647616
3.109798 1.769618
3.495752 2.972932
4.467723 2.224803
4.357506 2.367593
4.020103 2.243141
4.004728 3.508485
5.086907 1.247187
3.836435 1.969416
3.980774 2.460181
4.654467 1.843140
3.541509 3.012082
3.876081 3.150420
3.462884 1.865630
4.082521 3.331844
4.426602 1.693048
5.806687 1.797853
4.783372 2.062441
4.427660 2.280973
2.016499 2.657606
1.892598 2.863478
2.000000 3.000000
2.606520 1.473666
3.293776 1.545083
2.997852 2.092142
5.000000 1.000000
4.000000 1.000000
3.882382 2.202723
3.923580 2.780556
4.354296 2.500775
2.783831 2.594560
2.072913 2.886746
3.544422 2.070899
3.900796 2.045779
3.602361 3.641983
3.641008 1.887731
2.103942 2.972911
2.970057 1.863292
2.559015 2.423982
3.929557 1.172283
3.000000 4.000000
1.395310 2.441407
3.402091 2.230237
2.755940 3.280725

4.008839 3.870023
4.046405 3.212225
3.031120 2.014328
3.081828 2.062340
2.691340 2.504365
2.917106 2.096148
3.387514 2.532728
3.671140 2.302994
6.767761 1.510594
5.394949 2.852859
2.783149 2.477977
2.880700 2.256966
3.448518 2.190908
3.823168 2.061491
2.888718 2.473366
3.499071 3.048263
3.612298 2.159464
5.224758 1.654727
4.021570 3.295304
3.555336 2.702741
3.107528 2.854987
3.368698 2.527161
3.712912 2.185692
4.665866 2.156056
3.321040 1.839190
3.446118 1.390514
3.595935 3.216815
3.665884 2.876315
2.888475 2.297918
3.027732 2.260681
5.817975 2.599596
4.424157 2.443320
3.485613 2.174101
3.142998 1.976205
2.927401 2.426671
2.987663 2.063881
3.428458 1.891576
2.753161 2.876355
3.828543 2.361957
3.160775 2.598113
3.904036 3.194181
3.226960 2.473101
4.872221 1.717757
3.423033 2.034534
3.474276 1.831306
3.084737 1.945775
3.340531 2.619156
3.715537 2.413751
3.714978 2.711842
2.968265 2.559703
3.986255 2.961225
2.797086 1.867778
3.823835 2.309066
5.764194 2.221680
3.126676 2.185360
2.776007 1.942137
5.086862 2.536065
3.201796 2.443821
3.275805 2.056214
3.502796 1.774493
3.118545 2.312149
3.251552 2.286877
2.760714 1.934007
3.471075 2.176022
3.701378 2.112574
3.669438 1.840176
4.752919 3.451462
3.374094 2.312143
3.499173 1.774976
3.759993 2.649871
5.296071 1.718556
2.858427 2.481885
3.454117 2.001693
4.422930 1.642622
5.294310 1.143719
4.398368 1.936417
4.285583 2.647616
3.109798 1.769618
3.495752 2.972932
4.467723 2.224803
4.357506 2.367593
4.020103 2.243141
4.004728 3.508485
5.086907 1.247187
3.836435 1.969416
3.980774 2.460181
4.654467 1.843140
3.541509 3.012082
3.876081 3.150420
3.462884 1.865630
4.082521 3.331844
4.426602 1.693048
5.806687 1.797853
4.783372 2.062441
4.427660 2.280973
2.016499 2.657606
1.892598 2.863478
2.000000 3.000000
2.606520 1.473666
3.293776 1.545083

4.008839 3.870023
2.706721 1.730239
3.555336 2.702741
3.276250 2.356244
3.446118 1.390514
3.738275 1.783860
2.917106 2.096148
3.571246 2.087912
3.081828 2.062340
3.203737 1.957598
3.031120 2.014328
2.719785 1.858297
5.394949 2.852859
4.204066 2.753260
4.046405 3.212225
3.654290 2.672086
2.753161 2.876355
4.655943 2.178500
2.691340 2.504365
2.640633 2.563326
3.368698 2.527161
3.274815 2.864898
3.387514 2.532728
3.743099 2.850202
6.767761 1.510594
4.825757 2.121244
3.160775 2.598113
2.886206 2.494388
2.783149 2.477977
2.617525 2.249996
3.671140 2.302994
3.222557 2.171406
3.448518 2.190908
3.778591 2.951692
2.888718 2.473366
2.786070 2.727036
3.612298 2.159464
3.314174 2.438963
4.021570 3.295304
4.474622 3.292491
3.107528 2.854987
3.712912 2.185692
5.224758 1.654727
3.321040 1.839190
3.595935 3.216815
2.888475 2.297918
5.817975 2.599596
3.485613 2.174101
3.027732 2.260681
2.927401 2.426671
3.665884 2.876315
2.987663 2.063881
2.880700 2.256966
3.428458 1.891576
3.142998 1.976205
3.823168 2.061491
4.665866 2.156056
3.828543 2.361957
3.904036 3.194181
3.226960 2.473101
4.424157 2.443320
4.872221 1.717757
3.423033 2.034534
3.474276 1.831306
3.084737 1.945775
3.340531 2.619156
3.715537 2.413751
3.714978 2.711842
2.968265 2.559703
3.986255 2.961225
2.797086 1.867778
3.823835 2.309066
5.764194 2.221680
3.126676 2.185360
2.776007 1.942137
5.086862 2.536065
3.201796 2.443821
3.275805 2.056214
3.502796 1.774493
3.118545 2.312149
3.251552 2.286877
2.760714 1.934007
3.471075 2.176022
3.701378 2.112574
3.669438 1.840176
4.752919 3.451462
3.374094 2.312143
3.499173 1.774976
3.759993 2.649871
5.296071 1.718556
2.858427 2.481885
3.454117 2.001693
4.422930 1.642622
5.294310 1.143719
4.398368 1.936417
4.285583 2.647616
3.109798 1.769618
3.495752 2.972932
4.467723 2.224803
4.357506 2.367593

4.474622 3.292491
3.431640 2.641284
3.778591 2.951692
3.340502 2.905745
2.719785 1.858297
3.108771 2.151184
4.008839 3.870023
3.732927 3.131030
3.555336 2.702741
3.802922 2.863054
3.276250 2.356244
3.865902 2.766648
3.446118 1.390514
3.340901 1.690520
2.917106 2.096148
3.248311 2.056116
3.081828 2.062340
2.913484 2.038947
3.274815 2.864898
3.457335 3.156784
3.031120 2.014328
3.298472 2.068698
2.706721 1.730239
4.370414 0.854056
5.394949 2.852859
4.143470 2.582455
2.886206 2.494388
3.192752 2.504498
4.046405 3.212225
3.971628 3.076801
4.204066 2.753260
3.713611 2.309667
2.753161 2.876355
4.094708 3.120380
2.691340 2.504365
3.038079 2.280663
3.368698 2.527161
3.316813 2.939923
3.387514 2.532728
3.398733 2.277597
6.767761 1.510594
3.571246 2.087912
3.203737 1.957598
2.640633 2.563326
3.738275 1.783860
2.786070 2.727036
3.160775 2.598113
2.783149 2.477977
3.743099 2.850202
3.671140 2.302994
3.654290 2.672086
2.617525 2.249996
4.825757 2.121244
3.448518 2.190908
2.888718 2.473366
3.612298 2.159464
4.021570 3.295304
3.107528 2.854987
3.712912 2.185692
5.224758 1.654727
3.321040 1.839190
4.655943 2.178500
3.595935 3.216815
2.888475 2.297918
3.314174 2.438963
5.817975 2.599596
3.485613 2.174101
3.027732 2.260681
2.927401 2.426671
3.665884 2.876315
2.987663 2.063881
2.880700 2.256966
3.222557 2.171406
3.428458 1.891576
3.142998 1.976205
3.823168 2.061491
4.665866 2.156056
3.828543 2.361957
3.904036 3.194181
3.226960 2.473101
4.424157 2.443320
4.872221 1.717757
3.423033 2.034534
3.474276 1.831306
3.084737 1.945775
3.340531 2.619156
3.715537 2.413751
3.714978 2.711842
2.968265 2.559703
3.986255 2.961225
2.797086 1.867778
3.823835 2.309066
5.764194 2.221680
3.126676 2.185360
2.776007 1.942137
5.086862 2.536065
3.201796 2.443821
3.275805 2.056214
3.502796 1.774493
3.118545 2.312149

4.474622 3.292491
4.012816 3.192806
3.778591 2.951692
3.564867 2.379701
3.431640 2.641284
3.792120 3.122593
3.108771 2.151184
3.609832 2.778131
3.457335 3.156784
3.593926 3.822163
3.398733 2.277597
3.811668 2.385549
3.298472 2.068698
3.507572 2.546189
3.248311 2.056116
3.752985 2.399410
3.340901 1.690520
3.272432 1.917053
2.719785 1.858297
3.070759 1.208361
3.802922 2.863054
3.327865 2.220327
4.008839 3.870023
4.233337 3.184630
3.192752 2.504498
2.465682 2.149780
3.555336 2.702741
3.248785 2.492312
3.276250 2.356244
3.326627 2.681928
3.732927 3.131030
3.718531 2.293337
3.446118 1.390514
3.619689 2.570283
2.917106 2.096148
3.244522 2.250068
3.081828 2.062340
3.247530 2.379716
3.274815 2.864898
3.903122 2.944262
3.031120 2.014328
2.706721 1.730239
3.865902 2.766648
3.340502 2.905745
5.394949 2.852859
2.886206 2.494388
3.316813 2.939923
4.046405 3.212225
4.204066 2.753260
2.753161 2.876355
4.094708 3.120380
2.691340 2.504365
3.368698 2.527161
3.038079 2.280663
3.387514 2.532728
6.767761 1.510594
2.913484 2.038947
3.571246 2.087912
4.143470 2.582455
3.203737 1.957598
2.640633 2.563326
3.713611 2.309667
3.738275 1.783860
2.786070 2.727036
3.160775 2.598113
2.783149 2.477977
3.743099 2.850202
3.971628 3.076801
3.671140 2.302994
3.654290 2.672086
2.617525 2.249996
4.825757 2.121244
3.448518 2.190908
2.888718 2.473366
3.612298 2.159464
4.021570 3.295304
3.107528 2.854987
3.712912 2.185692
5.224758 1.654727
3.321040 1.839190
4.655943 2.178500
3.595935 3.216815
2.888475 2.297918
3.314174 2.438963
5.817975 2.599596
3.485613 2.174101
3.027732 2.260681
4.370414 0.854056
2.927401 2.426671
3.665884 2.876315
2.987663 2.063881
2.880700 2.256966
3.222557 2.171406
3.428458 1.891576
3.142998 1.976205
3.823168 2.061491
4.665866 2.156056
3.828543 2.361957
3.904036 3.194181
3.226960 2.473101

4.474622 3.292491
3.693386 3.273243
3.593926 3.822163
3.572743 2.876978
3.778591 2.951692
4.961665 2.366831
2.465682 2.149780
2.884467 2.270563
3.792120 3.122593
3.637114 2.795256
3.609832 2.778131
3.489603 2.845136
4.012816 3.192806
3.081491 2.650191
3.903122 2.944262
3.816260 2.975130
3.564867 2.379701
3.449288 2.552076
3.431640 2.641284
3.088542 2.158763
3.752985 2.399410
4.026611 2.652932
3.811668 2.385549
3.883062 2.289105
3.327865 2.220327
3.597902 2.170536
3.108771 2.151184
3.266848 2.293974
3.457335 3.156784
3.313070 2.960310
3.272432 1.917053
3.516019 2.052758
3.398733 2.277597
3.572178 2.046672
3.507572 2.546189
3.801246 2.712585
3.298472 2.068698
3.296211 1.867865
3.248311 2.056116
4.188905 2.902508
3.340901 1.690520
4.233337 3.184630
2.719785 1.858297
3.718531 2.293337
3.326627 2.681928
3.247530 2.379716
3.802922 2.863054
4.008839 3.870023
3.619689 2.570283
3.192752 2.504498
3.555336 2.702741
3.276250 2.356244
3.732927 3.131030
3.446118 1.390514
2.917106 2.096148
3.081828 2.062340
3.274815 2.864898
3.031120 2.014328
2.706721 1.730239
3.865902 2.766648
3.340502 2.905745
5.394949 2.852859
2.886206 2.494388
3.316813 2.939923
4.046405 3.212225
4.204066 2.753260
2.753161 2.876355
4.094708 3.120380
2.691340 2.504365
3.248785 2.492312
3.244522 2.250068
3.368698 2.527161
3.038079 2.280663
3.387514 2.532728
6.767761 1.510594
2.913484 2.038947
3.571246 2.087912
4.143470 2.582455
3.203737 1.957598
2.640633 2.563326
3.713611 2.309667
3.738275 1.783860
2.786070 2.727036
3.160775 2.598113
2.783149 2.477977
3.743099 2.850202
3.971628 3.076801
3.671140 2.302994
3.654290 2.672086
2.617525 2.249996
4.825757 2.121244
3.448518 2.190908
2.888718 2.473366
3.612298 2.159464
4.021570 3.295304
3.107528 2.854987
3.712912 2.185692
5.224758 1.654727
3.321040 1.839190
4.655943 2.178500

4.474622 3.292491
1.858402 2.094704
3.593926 3.822163
3.313640 3.160211
4.188905 2.902508
3.768369 2.636325
3.778591 2.951692
3.570015 2.678507
2.465682 2.149780
2.698400 2.372010
3.792120 3.122593
3.777208 3.254863
3.609832 2.778131
3.798990 2.636635
4.026611 2.652932
4.852507 3.294090
3.449288 2.552076
3.469585 2.307004
3.266848 2.293974
3.661733 2.334269
4.012816 3.192806
3.718290 2.682235
3.693386 3.273243
3.512565 2.912524
3.816260 2.975130
3.542071 3.147018
3.903122 2.944262
3.713008 3.410962
3.572743 2.876978
4.607982 2.582331
3.088542 2.158763
3.258670 2.182640
3.564867 2.379701
3.822635 2.400207
3.431640 2.641284
3.493164 2.686413
2.884467 2.270563
3.243497 2.845514
3.313070 2.960310
3.929661 3.260573
3.489603 2.845136
3.572178 2.046672
3.883062 2.289105
3.637114 2.795256
3.801246 2.712585
3.597902 2.170536
3.752985 2.399410
3.811668 2.385549
3.327865 2.220327
3.108771 2.151184
3.457335 3.156784
3.272432 1.917053
3.516019 2.052758
3.398733 2.277597
3.507572 2.546189
3.298472 2.068698
3.248311 2.056116
3.340901 1.690520
4.233337 3.184630
2.719785 1.858297
3.718531 2.293337
3.326627 2.681928
3.247530 2.379716
3.802922 2.863054
4.008839 3.870023
3.619689 2.570283
3.192752 2.504498
3.555336 2.702741
3.276250 2.356244
3.732927 3.131030
3.296211 1.867865
3.446118 1.390514
2.917106 2.096148
3.081828 2.062340
3.274815 2.864898
3.031120 2.014328
2.706721 1.730239
3.865902 2.766648
3.340502 2.905745
5.394949 2.852859
2.886206 2.494388
3.316813 2.939923
4.046405 3.212225
4.204066 2.753260
2.753161 2.876355
4.094708 3.120380
2.691340 2.504365
3.248785 2.492312
3.244522 2.250068
3.368698 2.527161
3.038079 2.280663
3.387514 2.532728
6.767761 1.510594
2.913484 2.038947
3.571246 2.087912
4.143470 2.582455
3.203737 1.957598
4.961665 2.366831
2.640633 2.563326
3.713611 2.309667

4.474622 3.292491
4.743082 3.236399
3.593926 3.822163
3.494379 3.113652
4.852507 3.294090
4.706621 2.901842
3.777208 3.254863
5.415287 1.582620
3.798990 2.636635
4.224467 2.704124
3.718290 2.682235
4.250853 3.068520
4.188905 2.902508
4.220583 2.970138
3.313640 3.160211
3.330924 2.841835
3.778591 2.951692
3.633112 2.789946
2.465682 2.149780
3.563873 1.755300
3.792120 3.122593
3.638693 3.127856
3.822635 2.400207
3.665404 2.774439
3.243497 2.845514
3.022247 3.043298
3.570015 2.678507
3.416328 2.993789
3.661733 2.334269
3.522381 3.021699
3.542071 3.147018
3.797856 3.323844
3.609832 2.778131
3.478500 3.028094
4.026611 2.652932
3.696807 3.221365
3.449288 2.552076
3.174447 2.744457
3.266848 2.293974
3.459229 2.751136
4.012816 3.192806
3.693386 3.273243
3.816260 2.975130
3.768369 2.636325
3.903122 2.944262
3.493164 2.686413
3.572743 2.876978
3.088542 2.158763
3.469585 2.307004
2.698400 2.372010
3.713008 3.410962
3.564867 2.379701
3.512565 2.912524
3.431640 2.641284
2.884467 2.270563
3.258670 2.182640
1.858402 2.094704
3.313070 2.960310
3.489603 2.845136
3.572178 2.046672
3.883062 2.289105
3.637114 2.795256
3.801246 2.712585
3.597902 2.170536
3.752985 2.399410
3.811668 2.385549
3.327865 2.220327
3.108771 2.151184
3.457335 3.156784
3.272432 1.917053
3.516019 2.052758
3.398733 2.277597
3.507572 2.546189
3.298472 2.068698
3.248311 2.056116
3.340901 1.690520
4.233337 3.184630
2.719785 1.858297
3.718531 2.293337
3.326627 2.681928
3.247530 2.379716
3.802922 2.863054
4.008839 3.870023
3.619689 2.570283
3.192752 2.504498
3.555336 2.702741
3.276250 2.356244
3.732927 3.131030
3.296211 1.867865
3.446118 1.390514
2.917106 2.096148
3.081828 2.062340
3.274815 2.864898
3.031120 2.014328
2.706721 1.730239
3.865902 2.766648
3.340502 2.905745
5.394949 2.852859
2.886206 2.494388
3.316813 2.939923

5.415287 1.582620
4.625976 2.106348
4.474622 3.292491
4.588929 2.818609
3.593926 3.822163
3.487999 3.818071
4.743082 3.236399
4.352837 3.072537
4.250853 3.068520
4.588697 2.999398
3.416328 2.993789
3.334820 3.089742
4.224467 2.704124
4.159299 2.986853
4.852507 3.294090
4.192681 3.205859
3.563873 1.755300
2.952224 2.681668
3.777208 3.254863
3.913261 3.078837
4.220583 2.970138
3.745511 3.044561
3.798990 2.636635
3.603068 2.841741
3.718290 2.682235
3.510439 2.740151
4.188905 2.902508
4.108573 3.074972
3.696807 3.221365
3.629611 3.752349
3.313640 3.160211
4.025932 3.276652
3.665404 2.774439
3.696613 2.760299
3.778591 2.951692
4.223774 2.926388
3.494379 3.113652
3.791649 2.872311
2.465682 2.149780
3.067052 3.262975
3.330924 2.841835
3.633112 2.789946
4.706621 2.901842
3.478500 3.028094
3.792120 3.122593
3.174447 2.744457
3.822635 2.400207
3.243497 2.845514
3.570015 2.678507
3.022247 3.043298
3.661733 2.334269
3.542071 3.147018
3.609832 2.778131
4.026611 2.652932
3.449288 2.552076
3.459229 2.751136
3.266848 2.293974
4.012816 3.192806
3.797856 3.323844
3.638693 3.127856
3.693386 3.273243
3.816260 2.975130
3.768369 2.636325
3.903122 2.944262
3.493164 2.686413
3.572743 2.876978
3.088542 2.158763
3.469585 2.307004
2.698400 2.372010
3.713008 3.410962
3.564867 2.379701
3.512565 2.912524
3.431640 2.641284
2.884467 2.270563
3.258670 2.182640
1.858402 2.094704
3.313070 2.960310
3.489603 2.845136
3.572178 2.046672
3.883062 2.289105
3.637114 2.795256
3.801246 2.712585
3.597902 2.170536
3.752985 2.399410
3.811668 2.385549
3.327865 2.220327
3.108771 2.151184
3.457335 3.156784
3.272432 1.917053
3.516019 2.052758
3.398733 2.277597
3.507572 2.546189
3.298472 2.068698
3.248311 2.056116
3.340901 1.690520
4.233337 3.184630
2.719785 1.858297
3.718531 2.293337
3.326627 2.681928
3.247530 2.379716

5.415287 1.582620
5.055002 2.458046
4.625976 2.106348
3.676725 2.880596
3.629611 3.752349
4.458598 3.661774
4.474622 3.292491
4.396928 3.276130
3.593926 3.822163
2.842197 2.323739
4.352837 3.072537
4.074098 2.982364
4.743082 3.236399
2.628132 4.477498
3.067052 3.262975
3.529334 3.164928
4.250853 3.068520
4.045006 2.931827
3.416328 2.993789
3.054216 2.729281
4.588929 2.818609
4.572467 2.985853
4.224467 2.704124
4.829633 3.752666
4.852507 3.294090
4.644699 2.615040
3.563873 1.755300
5.255816 1.434657
3.603068 2.841741
4.188478 2.794224
4.588697 2.999398
4.277325 3.218024
3.777208 3.254863
3.871112 3.148441
4.220583 2.970138
4.586085 3.023490
3.487999 3.818071
3.762756 3.531293
4.159299 2.986853
3.870951 2.640248
4.108573 3.074972
3.798990 2.636635
3.718290 2.682235
4.192681 3.205859
4.223774 2.926388
3.334820 3.089742
3.913261 3.078837
4.188905 2.902508
3.696807 3.221365
3.313640 3.160211
3.665404 2.774439
3.778591 2.951692
3.494379 3.113652
3.510439 2.740151
4.025932 3.276652
2.465682 2.149780
3.330924 2.841835
3.633112 2.789946
4.706621 2.901842
3.791649 2.872311
3.478500 3.028094
3.792120 3.122593
3.174447 2.744457
3.822635 2.400207
3.243497 2.845514
3.570015 2.678507
3.022247 3.043298
3.661733 2.334269
3.542071 3.147018
3.609832 2.778131
4.026611 2.652932
3.449288 2.552076
3.459229 2.751136
3.266848 2.293974
3.696613 2.760299
4.012816 3.192806
3.797856 3.323844
3.638693 3.127856
3.693386 3.273243
3.745511 3.044561
3.816260 2.975130
3.768369 2.636325
3.903122 2.944262
3.493164 2.686413
3.572743 2.876978
3.088542 2.158763
3.469585 2.307004
2.698400 2.372010
3.713008 3.410962
3.564867 2.379701
3.512565 2.912524
3.431640 2.641284
2.884467 2.270563
3.258670 2.182640
1.858402 2.094704
3.313070 2.960310
3.489603 2.845136
3.572178 2.046672
3.883062 2.289105
3.637114 2.795256

5.255816 1.434657
4.920213 1.744685
3.054216 2.729281
3.436613 2.676729
4.045006 2.931827
3.306195 3.544792
2.842197 2.323739
2.393790 4.420692
5.415287 1.582620
4.628994 2.463623
5.055002 2.458046
3.138096 3.577306
4.625976 2.106348
2.679888 2.660920
4.458598 3.661774
3.547909 4.475105
3.676725 2.880596
4.252820 3.093194
3.762756 3.531293
3.164097 2.987512
4.277325 3.218024
4.817738 2.489075
3.629611 3.752349
3.445376 3.145816
4.474622 3.292491
3.890842 2.832588
2.628132 4.477498
5.168689 3.008635
3.593926 3.822163
3.745622 3.298315
4.572467 2.985853
3.571923 2.788415
4.352837 3.072537
4.090816 3.329077
4.743082 3.236399
4.718917 2.489464
3.529334 3.164928
3.981434 2.889073
3.067052 3.262975
2.700197 4.234486
4.250853 3.068520
3.416328 2.993789
4.588929 2.818609
3.871112 3.148441
4.644699 2.615040
4.224467 2.704124
3.870951 2.640248
4.396928 3.276130
4.852507 3.294090
3.563873 1.755300
3.603068 2.841741
4.588697 2.999398
3.777208 3.254863
4.220583 2.970138
3.487999 3.818071
4.159299 2.986853
4.074098 2.982364
4.586085 3.023490
4.108573 3.074972
3.798990 2.636635
3.718290 2.682235
4.192681 3.205859
4.223774 2.926388
3.334820 3.089742
4.188478 2.794224
3.913261 3.078837
4.188905 2.902508
3.696807 3.221365
3.313640 3.160211
3.665404 2.774439
3.778591 2.951692
3.494379 3.113652
3.510439 2.740151
4.025932 3.276652
2.465682 2.149780
3.330924 2.841835
3.633112 2.789946
4.706621 2.901842
3.791649 2.872311
3.478500 3.028094
3.792120 3.122593
3.174447 2.744457
3.822635 2.400207
3.243497 2.845514
3.570015 2.678507
3.022247 3.043298
3.661733 2.334269
3.542071 3.147018
3.609832 2.778131
4.026611 2.652932
3.449288 2.552076
3.459229 2.751136
3.266848 2.293974
3.696613 2.760299
4.012816 3.192806
3.797856 3.323844
3.638693 3.127856
3.693386 3.273243
3.745511 3.044561
3.816260 2.975130

4.920213 1.744685
4.540579 2.141278
2.393790 4.420692
2.944169 3.405066
3.138096 3.577306
3.569779 4.384445
2.679888 2.660920
2.631458 3.814349
5.255816 1.434657
5.844168 3.555435
3.054216 2.729281
3.083679 2.952768
4.045006 2.931827
3.624826 2.496930
4.817738 2.489075
5.291954 1.906525
2.842197 2.323739
3.080019 2.480047
5.415287 1.582620
5.428643 1.917887
5.055002 2.458046
4.430146 3.487151
3.164097 2.987512
3.766051 2.081054
4.628994 2.463623
4.521444 2.233460
3.571923 2.788415
4.179528 3.161162
4.625976 2.106348
4.739277 2.214602
4.458598 3.661774
5.059180 2.523539
3.436613 2.676729
2.028833 1.281358
3.890842 2.832588
4.544019 3.314606
3.445376 3.145816
1.779088 3.867881
3.547909 4.475105
3.766616 3.789131
3.676725 2.880596
3.306195 3.544792
4.252820 3.093194
3.762756 3.531293
4.277325 3.218024
3.629611 3.752349
3.745622 3.298315
4.474622 3.292491
2.628132 4.477498
4.090816 3.329077
3.593926 3.822163
4.572467 2.985853
4.352837 3.072537
4.743082 3.236399
3.529334 3.164928
3.981434 2.889073
3.067052 3.262975
2.700197 4.234486
4.250853 3.068520
3.416328 2.993789
4.588929 2.818609
4.718917 2.489464
3.871112 3.148441
4.644699 2.615040
4.224467 2.704124
3.870951 2.640248
4.396928 3.276130
4.852507 3.294090
3.563873 1.755300
3.603068 2.841741
4.588697 2.999398
3.777208 3.254863
4.220583 2.970138
3.487999 3.818071
4.159299 2.986853
4.074098 2.982364
4.586085 3.023490
4.108573 3.074972
3.798990 2.636635
3.718290 2.682235
4.192681 3.205859
4.223774 2.926388
3.334820 3.089742
4.188478 2.794224
3.913261 3.078837
4.188905 2.902508
3.696807 3.221365
3.313640 3.160211
3.665404 2.774439
3.778591 2.951692
3.494379 3.113652
3.510439 2.740151
4.025932 3.276652
2.465682 2.149780
3.330924 2.841835
3.633112 2.789946
4.706621 2.901842
3.791649 2.872311
3.478500 3.028094
3.792120 3.122593

5.428643 1.917887
5.117602 1.770724
5.844168 3.555435
5.946627 2.344726
4.920213 1.744685
5.531787 1.553758
2.393790 4.420692
2.843215 3.745894
5.291954 1.906525
5.247313 1.606024
2.944169 3.405066
3.572949 3.531116
4.540579 2.141278
4.013105 2.624461
2.631458 3.814349
3.234871 2.943971
3.138096 3.577306
4.070408 2.676162
3.083679 2.952768
3.321551 3.218727
1.779088 3.867881
2.910914 2.984486
2.679888 2.660920
3.084148 3.720244
3.569779 4.384445
3.182808 3.926245
5.059180 2.523539
5.299360 2.257021
3.080019 2.480047
2.795378 2.732273
5.255816 1.434657
5.021276 1.524474
3.054216 2.729281
2.686272 3.144758
3.766616 3.789131
3.715954 4.285464
4.045006 2.931827
3.134929 3.626653
3.624826 2.496930
2.756256 3.669863
4.817738 2.489075
2.842197 2.323739
5.415287 1.582620
4.521444 2.233460
4.739277 2.214602
5.055002 2.458046
3.164097 2.987512
4.628994 2.463623
3.571923 2.788415
4.625976 2.106348
4.458598 3.661774
3.436613 2.676729
3.890842 2.832588
3.445376 3.145816
3.547909 4.475105
3.676725 2.880596
3.306195 3.544792
4.430146 3.487151
4.252820 3.093194
3.762756 3.531293
4.277325 3.218024
3.629611 3.752349
3.745622 3.298315
4.474622 3.292491
2.628132 4.477498
4.090816 3.329077
4.179528 3.161162
3.593926 3.822163
4.572467 2.985853
4.352837 3.072537
4.743082 3.236399
3.529334 3.164928
3.981434 2.889073
3.067052 3.262975
2.700197 4.234486
4.250853 3.068520
3.416328 2.993789
4.588929 2.818609
4.718917 2.489464
3.871112 3.148441
4.644699 2.615040
4.224467 2.704124
3.870951 2.640248
4.396928 3.276130
4.852507 3.294090
3.563873 1.755300
3.603068 2.841741
4.588697 2.999398
3.777208 3.254863
4.220583 2.970138
3.487999 3.818071
4.159299 2.986853
4.074098 2.982364
4.586085 3.023490
4.108573 3.074972
3.798990 2.636635
3.718290 2.682235
4.192681 3.205859
4.223774 2.926388
3.334820 3.089742

2.686272 3.144758
2.818342 3.370188
2.795378 2.732273
3.043535 3.310126
5.428643 1.917887
4.347975 2.452251
5.844168 3.555435
5.655491 3.589322
4.920213 1.744685
4.651531 1.752444
4.070408 2.676162
3.252045 3.605048
5.117602 1.770724
7.216579 1.393522
2.393790 4.420692
2.624614 3.597040
5.946627 2.344726
4.203146 3.675464
5.291954 1.906525
4.541371 1.988688
5.531787 1.553758
5.299726 2.587211
2.944169 3.405066
2.278171 2.594238
3.321551 3.218727
2.933669 3.133936
2.910914 2.984486
1.516257 4.777807
4.540579 2.141278
3.900587 2.610960
5.299360 2.257021
3.706002 2.389955
3.084148 3.720244
3.658203 3.040749
2.631458 3.814349
3.463175 2.962080
3.138096 3.577306
3.271141 3.352228
3.083679 2.952768
4.417628 2.627906
1.779088 3.867881
3.182808 3.926245
4.013105 2.624461
2.679888 2.660920
3.234871 2.943971
2.843215 3.745894
3.569779 4.384445
2.756256 3.669863
5.247313 1.606024
5.059180 2.523539
3.080019 2.480047
3.715954 4.285464
5.255816 1.434657
3.054216 2.729281
5.021276 1.524474
3.766616 3.789131
4.045006 2.931827
3.572949 3.531116
3.624826 2.496930
4.817738 2.489075
2.842197 2.323739
5.415287 1.582620
4.521444 2.233460
3.134929 3.626653
4.739277 2.214602
5.055002 2.458046
3.164097 2.987512
4.628994 2.463623
3.571923 2.788415
4.625976 2.106348
4.458598 3.661774
3.436613 2.676729
3.890842 2.832588
3.445376 3.145816
3.547909 4.475105
3.676725 2.880596
3.306195 3.544792
4.430146 3.487151
4.252820 3.093194
3.762756 3.531293
4.277325 3.218024
3.629611 3.752349
3.745622 3.298315
4.474622 3.292491
2.628132 4.477498
4.090816 3.329077
4.179528 3.161162
3.593926 3.822163
4.572467 2.985853
4.352837 3.072537
4.743082 3.236399
3.529334 3.164928
3.981434 2.889073
3.067052 3.262975
2.700197 4.234486
4.250853 3.068520
3.416328 2.993789
4.588929 2.818609
4.718917 2.489464
3.871112 3.148441

7.216579 1.393522
5.502268 2.132268
2.686272 3.144758
4.327909 3.850333
2.818342 3.370188
3.664955 2.588273
2.795378 2.732273
3.430276 1.578205
2.933669 3.133936
3.967250 1.880825
5.428643 1.917887
4.168077 2.981333
3.706002 2.389955
2.885360 3.525002
5.844168 3.555435
4.598816 4.281837
3.252045 3.605048
4.338591 3.409587
3.043535 3.310126
3.383412 3.343050
4.920213 1.744685
5.816248 2.441136
3.658203 3.040749
4.368283 2.606345
4.070408 2.676162
3.750252 1.961491
5.117602 1.770724
5.592472 1.786217
2.624614 3.597040
4.039953 3.353026
5.655491 3.589322
4.876929 3.297182
3.271141 3.352228
1.944544 3.285295
2.393790 4.420692
2.886434 3.441564
4.651531 1.752444
2.324632 3.243390
5.946627 2.344726
5.699282 2.915046
5.291954 1.906525
5.299726 2.587211
4.541371 1.988688
5.531787 1.553758
4.347975 2.452251
2.944169 3.405066
3.321551 3.218727
2.910914 2.984486
4.540579 2.141278
4.203146 3.675464
5.299360 2.257021
3.084148 3.720244
2.631458 3.814349
3.138096 3.577306
3.463175 2.962080
3.083679 2.952768
1.779088 3.867881
3.182808 3.926245
4.013105 2.624461
2.679888 2.660920
3.234871 2.943971
2.843215 3.745894
3.900587 2.610960
3.569779 4.384445
2.756256 3.669863
5.247313 1.606024
5.059180 2.523539
3.080019 2.480047
3.715954 4.285464
5.255816 1.434657
3.054216 2.729281
5.021276 1.524474
3.766616 3.789131
4.045006 2.931827
3.572949 3.531116
3.624826 2.496930
4.817738 2.489075
2.842197 2.323739
5.415287 1.582620
4.521444 2.233460
3.134929 3.626653
4.739277 2.214602
5.055002 2.458046
3.164097 2.987512
4.628994 2.463623
3.571923 2.788415
4.625976 2.106348
4.458598 3.661774
3.436613 2.676729
3.890842 2.832588
3.445376 3.145816
3.547909 4.475105
3.676725 2.880596
3.306195 3.544792
4.430146 3.487151
4.252820 3.093194
3.762756 3.531293
4.277325 3.218024
3.629611 3.752349
3.745622 3.298315

3.967250 1.880825
3.575972 2.329141
3.430276 1.578205
3.152121 1.629033
4.598816 4.281837
2.852684 4.106953
5.592472 1.786217
3.507312 2.060956
7.216579 1.393522
6.800269 1.653820
5.502268 2.132268
4.678281 2.862489
2.686272 3.144758
7.620389 3.073092
2.818342 3.370188
4.141260 2.944465
2.795378 2.732273
2.911638 2.949805
2.933669 3.133936
2.929250 3.069039
3.664955 2.588273
3.548770 1.665346
4.039953 3.353026
4.037849 3.636099
5.428643 1.917887
4.620019 2.299391
3.706002 2.389955
3.196622 2.522597
5.844168 3.555435
4.988184 3.202916
3.252045 3.605048
5.458597 4.131005
3.043535 3.310126
5.216854 2.275318
4.920213 1.744685
4.770938 2.434665
4.168077 2.981333
3.252939 2.780690
2.885360 3.525002
3.177849 3.457847
3.750252 1.961491
2.324632 3.243390
3.658203 3.040749
4.070408 2.676162
4.876929 3.297182
5.117602 1.770724
4.368283 2.606345
5.699282 2.915046
2.624614 3.597040
5.655491 3.589322
2.886434 3.441564
4.338591 3.409587
5.816248 2.441136
3.271141 3.352228
2.393790 4.420692
4.651531 1.752444
5.946627 2.344726
5.291954 1.906525
5.299726 2.587211
3.383412 3.343050
4.541371 1.988688
5.531787 1.553758
4.347975 2.452251
2.944169 3.405066
3.321551 3.218727
2.910914 2.984486
4.540579 2.141278
4.203146 3.675464
5.299360 2.257021
3.084148 3.720244
2.631458 3.814349
3.138096 3.577306
3.463175 2.962080
3.083679 2.952768
1.779088 3.867881
3.182808 3.926245
4.013105 2.624461
2.679888 2.660920
3.234871 2.943971
2.843215 3.745894
3.900587 2.610960
3.569779 4.384445
2.756256 3.669863
5.247313 1.606024
5.059180 2.523539
3.080019 2.480047
3.715954 4.285464
5.255816 1.434657
3.054216 2.729281
5.021276 1.524474
3.766616 3.789131
4.045006 2.931827
3.572949 3.531116
3.624826 2.496930
4.817738 2.489075
2.842197 2.323739
5.415287 1.582620
4.521444 2.233460
3.134929 3.626653
4.739277 2.214602

3.967250 1.880825
4.956389 1.717563
3.152121 1.629033
5.518223 1.920567
3.430276 1.578205
3.651758 0.795859
4.598816 4.281837
4.296853 3.147573
3.575972 2.329141
3.054761 3.036357
3.548770 1.665346
3.952820 2.100619
2.852684 4.106953
2.760481 3.406279
5.592472 1.786217
4.814757 2.220029
7.216579 1.393522
5.522659 1.445955
4.678281 2.862489
4.707534 3.189419
5.502268 2.132268
5.014805 3.230238
2.686272 3.144758
2.594714 3.919174
2.818342 3.370188
3.479612 2.670110
2.795378 2.732273
3.750332 2.275030
2.933669 3.133936
3.327030 2.144834
5.216854 2.275318
6.245496 2.407154
6.800269 1.653820
6.373398 2.242288
3.664955 2.588273
5.703797 2.692118
4.988184 3.202916
3.817981 3.875380
7.620389 3.073092
7.411944 2.108717
4.620019 2.299391
2.911638 2.949805
4.039953 3.353026
5.428643 1.917887
3.706002 2.389955
2.929250 3.069039
4.037849 3.636099
5.844168 3.555435
3.252045 3.605048
3.196622 2.522597
3.043535 3.310126
4.920213 1.744685
5.458597 4.131005
4.168077 2.981333
2.885360 3.525002
3.177849 3.457847
3.750252 1.961491
2.324632 3.243390
3.658203 3.040749
4.141260 2.944465
4.070408 2.676162
4.876929 3.297182
5.117602 1.770724
4.368283 2.606345
4.770938 2.434665
5.699282 2.915046
3.252939 2.780690
2.624614 3.597040
5.655491 3.589322
2.886434 3.441564
4.338591 3.409587
5.816248 2.441136
3.271141 3.352228
2.393790 4.420692
4.651531 1.752444
5.946627 2.344726
5.291954 1.906525
5.299726 2.587211
3.383412 3.343050
4.541371 1.988688
5.531787 1.553758
4.347975 2.452251
2.944169 3.405066
3.321551 3.218727
2.910914 2.984486
4.540579 2.141278
4.203146 3.675464
5.299360 2.257021
3.084148 3.720244
2.631458 3.814349
3.138096 3.577306
3.463175 2.962080
3.083679 2.952768
1.779088 3.867881
3.182808 3.926245
4.013105 2.624461
2.679888 2.660920
3.234871 2.943971
2.843215 3.745894
3.900587 2.610960

3.967250 1.880825
4.485142 1.677389
3.152121 1.629033
3.509683 1.714080
3.430276 1.578205
4.023796 1.896269
3.479612 2.670110
3.731759 2.439166
4.598816 4.281837
4.370812 3.647106
4.296853 3.147573
5.599132 2.796207
5.522659 1.445955
4.760256 1.759643
3.575972 2.329141
3.366428 2.328867
3.548770 1.665346
3.522585 2.346771
4.956389 1.717563
4.927634 1.776164
5.014805 3.230238
4.558628 2.522068
2.852684 4.106953
3.114966 2.855930
6.245496 2.407154
5.029039 1.956098
7.411944 2.108717
5.027152 1.817474
5.518223 1.920567
5.352993 2.637315
5.592472 1.786217
5.721536 2.057064
7.216579 1.393522
8.024559 1.769237
4.814757 2.220029
3.794598 2.232366
3.817981 3.875380
3.945835 2.950860
3.327030 2.144834
3.916035 1.454225
3.952820 2.100619
4.678281 2.862489
5.502268 2.132268
2.686272 3.144758
3.054761 3.036357
2.818342 3.370188
2.795378 2.732273
5.703797 2.692118
2.760481 3.406279
4.707534 3.189419
2.933669 3.133936
2.594714 3.919174
5.216854 2.275318
6.800269 1.653820
3.664955 2.588273
3.750332 2.275030
4.988184 3.202916
7.620389 3.073092
4.620019 2.299391
2.911638 2.949805
4.039953 3.353026
5.428643 1.917887
3.706002 2.389955
2.929250 3.069039
4.037849 3.636099
5.844168 3.555435
3.252045 3.605048
3.196622 2.522597
3.043535 3.310126
4.920213 1.744685
5.458597 4.131005
4.168077 2.981333
2.885360 3.525002
3.177849 3.457847
3.750252 1.961491
2.324632 3.243390
3.658203 3.040749
4.141260 2.944465
4.070408 2.676162
4.876929 3.297182
5.117602 1.770724
4.368283 2.606345
4.770938 2.434665
5.699282 2.915046
3.252939 2.780690
2.624614 3.597040
5.655491 3.589322
3.651758 0.795859
2.886434 3.441564
4.338591 3.409587
5.816248 2.441136
3.271141 3.352228
2.393790 4.420692
4.651531 1.752444
5.946627 2.344726
5.291954 1.906525
5.299726 2.587211
3.383412 3.343050
4.541371 1.988688
5.531787 1.553758

3.967250 1.880825
2.407857 3.078653
3.509683 1.714080
5.981561 2.295417
3.731759 2.439166
3.651192 2.594403
3.152121 1.629033
3.503555 2.825720
4.023796 1.896269
3.394691 1.733692
3.430276 1.578205
3.034648 2.873888
3.479612 2.670110
4.231685 3.068332
5.027152 1.817474
3.938018 1.509129
4.760256 1.759643
4.374215 2.648692
4.598816 4.281837
4.596712 3.256114
4.296853 3.147573
4.069720 3.338511
4.485142 1.677389
4.002744 1.715112
5.522659 1.445955
4.533313 2.791514
3.945835 2.950860
4.237936 2.781479
3.114966 2.855930
4.164485 2.253195
5.029039 1.956098
4.406402 2.356147
4.370812 3.647106
2.933046 1.737687
3.575972 2.329141
3.947643 3.137233
5.599132 2.796207
4.423697 2.853237
3.794598 2.232366
3.563407 2.273342
8.024559 1.769237
3.548770 1.665346
4.956389 1.717563
4.927634 1.776164
3.522585 2.346771
5.014805 3.230238
5.721536 2.057064
2.852684 4.106953
6.245496 2.407154
7.411944 2.108717
5.352993 2.637315
5.518223 1.920567
5.592472 1.786217
3.366428 2.328867
7.216579 1.393522
4.814757 2.220029
4.558628 2.522068
3.817981 3.875380
3.327030 2.144834
3.952820 2.100619
4.678281 2.862489
5.502268 2.132268
2.686272 3.144758
3.054761 3.036357
2.818342 3.370188
2.795378 2.732273
5.703797 2.692118
2.760481 3.406279
4.707534 3.189419
2.933669 3.133936
2.594714 3.919174
5.216854 2.275318
6.800269 1.653820
3.664955 2.588273
3.750332 2.275030
4.988184 3.202916
7.620389 3.073092
4.620019 2.299391
2.911638 2.949805
4.039953 3.353026
5.428643 1.917887
3.706002 2.389955
2.929250 3.069039
4.037849 3.636099
5.844168 3.555435
3.252045 3.605048
3.196622 2.522597
3.043535 3.310126
4.920213 1.744685
5.458597 4.131005
4.168077 2.981333
2.885360 3.525002
3.177849 3.457847
3.750252 1.961491
2.324632 3.243390
3.658203 3.040749
4.141260 2.944465
4.070408 2.676162
4.876929 3.297182
5.117602 1.770724

3.034648 2.873888
3.545171 2.391890
2.933046 1.737687
3.145079 2.094121
4.596712 3.256114
4.676020 2.366174
3.967250 1.880825
3.334311 1.783880
3.503555 2.825720
3.608995 2.650570
4.164485 2.253195
2.704517 1.377385
3.509683 1.714080
3.711579 3.402399
3.731759 2.439166
3.540291 1.948345
3.394691 1.733692
4.854150 1.982183
3.152121 1.629033
3.460528 2.291117
4.002744 1.715112
4.641631 1.785170
4.069720 3.338511
4.097944 2.562934
3.651192 2.594403
3.641606 2.280142
4.023796 1.896269
5.862820 1.040082
3.430276 1.578205
4.058806 2.411053
3.479612 2.670110
3.397365 2.109022
3.947643 3.137233
3.965839 3.046043
5.027152 1.817474
4.296327 2.166173
3.563407 2.273342
3.586919 2.361533
4.760256 1.759643
2.180502 2.299686
4.598816 4.281837
4.406402 2.356147
4.296853 3.147573
4.485142 1.677389
5.522659 1.445955
4.533313 2.791514
3.945835 2.950860
3.114966 2.855930
5.029039 1.956098
4.370812 3.647106
4.237936 2.781479
4.231685 3.068332
4.374215 2.648692
3.575972 2.329141
4.423697 2.853237
5.599132 2.796207
3.794598 2.232366
8.024559 1.769237
3.548770 1.665346
3.938018 1.509129
4.956389 1.717563
2.407857 3.078653
4.927634 1.776164
3.522585 2.346771
5.014805 3.230238
5.721536 2.057064
2.852684 4.106953
6.245496 2.407154
7.411944 2.108717
5.352993 2.637315
5.518223 1.920567
5.592472 1.786217
3.366428 2.328867
7.216579 1.393522
4.814757 2.220029
4.558628 2.522068
3.817981 3.875380
3.327030 2.144834
3.952820 2.100619
4.678281 2.862489
5.502268 2.132268
2.686272 3.144758
3.054761 3.036357
2.818342 3.370188
2.795378 2.732273
5.703797 2.692118
2.760481 3.406279
4.707534 3.189419
2.933669 3.133936
2.594714 3.919174
5.216854 2.275318
6.800269 1.653820
3.664955 2.588273
3.750332 2.275030
4.988184 3.202916
7.620389 3.073092
4.620019 2.299391
2.911638 2.949805
4.039953 3.353026
5.428643 1.917887

3.034648 2.873888
3.582122 2.573653
3.145079 2.094121
3.419925 1.925179
3.545171 2.391890
3.205760 2.404933
4.854150 1.982183
3.517893 1.688481
3.711579 3.402399
3.842356 3.293542
2.933046 1.737687
3.316039 2.985873
4.058806 2.411053
3.155970 1.296766
4.596712 3.256114
4.128585 2.974598
3.965839 3.046043
3.848821 2.524191
4.296327 2.166173
3.593061 2.175524
3.967250 1.880825
4.030427 2.755549
3.460528 2.291117
3.405392 2.003270
2.180502 2.299686
3.183739 2.609851
3.503555 2.825720
3.495392 2.145389
4.097944 2.562934
6.600469 1.819281
3.334311 1.783880
3.405645 1.799909
3.397365 2.109022
3.611233 2.079074
4.164485 2.253195
3.926801 2.660102
3.608995 2.650570
3.252831 2.603264
3.509683 1.714080
3.960800 2.084708
3.731759 2.439166
3.641606 2.280142
3.394691 1.733692
3.152121 1.629033
4.002744 1.715112
4.069720 3.338511
3.651192 2.594403
4.023796 1.896269
3.430276 1.578205
3.479612 2.670110
3.947643 3.137233
5.027152 1.817474
3.563407 2.273342
4.760256 1.759643
4.676020 2.366174
4.598816 4.281837
4.406402 2.356147
4.296853 3.147573
4.485142 1.677389
5.522659 1.445955
4.533313 2.791514
3.586919 2.361533
3.945835 2.950860
4.641631 1.785170
3.114966 2.855930
5.029039 1.956098
4.370812 3.647106
3.540291 1.948345
4.237936 2.781479
4.231685 3.068332
4.374215 2.648692
3.575972 2.329141
4.423697 2.853237
5.599132 2.796207
3.794598 2.232366
8.024559 1.769237
3.548770 1.665346
3.938018 1.509129
4.956389 1.717563
2.407857 3.078653
4.927634 1.776164
3.522585 2.346771
5.014805 3.230238
5.721536 2.057064
5.862820 1.040082
2.852684 4.106953
6.245496 2.407154
7.411944 2.108717
2.704517 1.377385
5.352993 2.637315
5.518223 1.920567
5.592472 1.786217
3.366428 2.328867
7.216579 1.393522
4.814757 2.220029
4.558628 2.522068
3.817981 3.875380
3.327030 2.144834
3.952820 2.100619
4.678281 2.862489

3.034648 2.873888
3.457276 2.577385
3.316039 2.985873
3.134180 2.946567
3.145079 2.094121
3.684716 2.909043
3.419925 1.925179
3.205205 2.562351
3.205760 2.404933
3.931358 2.782917
3.405645 1.799909
2.327504 1.729122
3.593061 2.175524
3.197545 1.947279
4.128585 2.974598
3.725464 2.393772
3.582122 2.573653
3.145127 2.387850
3.545171 2.391890
3.508006 2.871364
3.842356 3.293542
4.610028 2.616913
4.854150 1.982183
4.024490 2.337721
3.711579 3.402399
4.066023 3.302353
3.405392 2.003270
3.577654 1.964299
3.517893 1.688481
3.359291 1.777431
3.183739 2.609851
3.068834 2.502169
2.933046 1.737687
3.091716 2.035587
3.926801 2.660102
4.155856 2.350805
4.058806 2.411053
3.640948 2.155488
4.030427 2.755549
4.118742 2.410762
4.596712 3.256114
3.965839 3.046043
4.296327 2.166173
3.967250 1.880825
3.460528 2.291117
2.180502 2.299686
3.503555 2.825720
3.848821 2.524191
3.252831 2.603264
4.097944 2.562934
3.334311 1.783880
3.960800 2.084708
3.397365 2.109022
4.164485 2.253195
3.608995 2.650570
3.509683 1.714080
3.731759 2.439166
3.641606 2.280142
3.394691 1.733692
3.152121 1.629033
4.002744 1.715112
4.069720 3.338511
3.651192 2.594403
4.023796 1.896269
3.430276 1.578205
3.611233 2.079074
3.479612 2.670110
3.947643 3.137233
5.027152 1.817474
3.563407 2.273342
3.495392 2.145389
4.760256 1.759643
4.676020 2.366174
4.598816 4.281837
4.406402 2.356147
4.296853 3.147573
4.485142 1.677389
5.522659 1.445955
4.533313 2.791514
3.586919 2.361533
3.945835 2.950860
4.641631 1.785170
3.114966 2.855930
3.155970 1.296766
5.029039 1.956098
4.370812 3.647106
3.540291 1.948345
4.237936 2.781479
4.231685 3.068332
4.374215 2.648692
3.575972 2.329141
4.423697 2.853237
5.599132 2.796207
3.794598 2.232366
8.024559 1.769237
3.548770 1.665346
3.938018 1.509129
4.956389 1.717563
2.407857 3.078653
4.927634 1.776164

4.155856 2.350805
3.516029 2.443338
3.684716 2.909043
5.766756 2.764848
3.640948 2.155488
3.535466 2.545156
3.034648 2.873888
3.097873 2.223654
3.316039 2.985873
2.921509 2.780956
3.145079 2.094121
3.137447 2.366576
3.457276 2.577385
3.265484 2.434948
3.419925 1.925179
2.884261 1.321239
3.205205 2.562351
4.908720 2.774248
3.205760 2.404933
3.655166 2.488713
3.577654 1.964299
2.506320 1.706678
3.405645 1.799909
3.582152 1.916227
3.593061 2.175524
3.614785 2.823557
3.508006 2.871364
5.258374 3.919598
4.128585 2.974598
4.483605 2.872698
3.582122 2.573653
3.357467 2.812972
3.545171 2.391890
3.435786 2.589806
3.725464 2.393772
3.814048 2.383221
3.134180 2.946567
3.603966 2.465822
3.091716 2.035587
3.089689 2.500931
3.931358 2.782917
3.842356 3.293542
4.854150 1.982183
3.711579 3.402399
4.118742 2.410762
3.405392 2.003270
3.145127 2.387850
3.517893 1.688481
3.183739 2.609851
2.933046 1.737687
3.926801 2.660102
4.610028 2.616913
4.058806 2.411053
4.030427 2.755549
4.024490 2.337721
4.596712 3.256114
3.068834 2.502169
3.197545 1.947279
3.965839 3.046043
4.296327 2.166173
3.359291 1.777431
3.967250 1.880825
3.460528 2.291117
2.180502 2.299686
3.503555 2.825720
3.848821 2.524191
3.252831 2.603264
4.066023 3.302353
4.097944 2.562934
3.334311 1.783880
3.960800 2.084708
3.397365 2.109022
4.164485 2.253195
3.608995 2.650570
3.509683 1.714080
3.731759 2.439166
3.641606 2.280142
3.394691 1.733692
3.152121 1.629033
4.002744 1.715112
2.327504 1.729122
4.069720 3.338511
3.651192 2.594403
4.023796 1.896269
3.430276 1.578205
3.611233 2.079074
3.479612 2.670110
3.947643 3.137233
5.027152 1.817474
3.563407 2.273342
3.495392 2.145389
4.760256 1.759643
4.676020 2.366174
4.598816 4.281837
4.406402 2.356147
4.296853 3.147573
4.485142 1.677389
5.522659 1.445955
4.533313 2.791514
3.586919 2.361533

4.155856 2.350805
3.848100 2.168680
3.535466 2.545156
3.478231 2.434060
3.516029 2.443338
3.746205 2.274546
3.684716 2.909043
2.550325 3.275409
3.640948 2.155488
3.019072 1.960527
3.097873 2.223654
2.837142 2.408203
2.921509 2.780956
2.875486 2.722481
3.034648 2.873888
2.992683 2.594358
2.506320 1.706678
2.757722 1.808903
3.316039 2.985873
3.656824 2.872977
3.145079 2.094121
3.482618 2.629531
4.483605 2.872698
4.220047 2.831246
3.457276 2.577385
3.117697 2.855084
3.655166 2.488713
3.304211 2.718197
3.265484 2.434948
2.768349 1.172802
3.419925 1.925179
2.818687 1.794959
3.205205 2.562351
3.989452 1.936416
3.435786 2.589806
3.525427 2.305774
3.205760 2.404933
3.775870 2.688281
3.577654 1.964299
3.398517 1.993985
3.582152 1.916227
3.137447 2.366576
3.614785 2.823557
3.405645 1.799909
3.814048 2.383221
3.593061 2.175524
5.766756 2.764848
3.508006 2.871364
4.128585 2.974598
3.603966 2.465822
3.357467 2.812972
3.582122 2.573653
3.545171 2.391890
3.725464 2.393772
5.258374 3.919598
3.134180 2.946567
3.089689 2.500931
3.091716 2.035587
3.931358 2.782917
3.842356 3.293542
4.854150 1.982183
3.711579 3.402399
4.118742 2.410762
3.405392 2.003270
3.145127 2.387850
3.517893 1.688481
3.183739 2.609851
2.933046 1.737687
3.926801 2.660102
4.610028 2.616913
4.058806 2.411053
4.030427 2.755549
4.024490 2.337721
4.596712 3.256114
3.068834 2.502169
3.197545 1.947279
3.965839 3.046043
4.296327 2.166173
3.359291 1.777431
3.967250 1.880825
3.460528 2.291117
2.180502 2.299686
3.503555 2.825720
3.848821 2.524191
3.252831 2.603264
4.066023 3.302353
4.097944 2.562934
3.334311 1.783880
3.960800 2.084708
3.397365 2.109022
4.164485 2.253195
3.608995 2.650570
3.509683 1.714080
3.731759 2.439166
3.641606 2.280142
3.394691 1.733692
3.152121 1.629033
4.002744 1.715112
2.327504 1.729122
4.069720 3.338511

2.818687 1.794959
2.849773 2.122251
4.155856 2.350805
3.434623 2.357860
3.848100 2.168680
2.423604 3.751695
2.768349 1.172802
2.507351 1.865830
3.535466 2.545156
4.756682 1.910946
2.757722 1.808903
3.323619 1.865214
3.516029 2.443338
1.953047 2.439090
3.656824 2.872977
3.230080 2.471238
3.684716 2.909043
3.856157 2.431743
3.019072 1.960527
3.542208 2.201612
2.837142 2.408203
2.931124 2.483081
3.304211 2.718197
3.138700 3.054292
3.640948 2.155488
2.959410 2.093227
2.992683 2.594358
3.144109 3.450330
4.220047 2.831246
3.947843 2.515760
3.746205 2.274546
3.592449 2.531118
3.097873 2.223654
3.412847 2.558509
2.921509 2.780956
3.470704 2.523959
3.478231 2.434060
3.826144 2.307717
3.034648 2.873888
3.298765 2.758446
2.506320 1.706678
3.482618 2.629531
3.316039 2.985873
3.145079 2.094121
2.875486 2.722481
3.398517 1.993985
4.483605 2.872698
3.457276 2.577385
3.655166 2.488713
3.265484 2.434948
3.117697 2.855084
3.419925 1.925179
3.205205 2.562351
3.435786 2.589806
3.205760 2.404933
3.577654 1.964299
3.582152 1.916227
3.137447 2.366576
3.614785 2.823557
3.405645 1.799909
3.814048 2.383221
3.593061 2.175524
5.766756 2.764848
3.508006 2.871364
4.128585 2.974598
3.603966 2.465822
3.357467 2.812972
2.550325 3.275409
3.582122 2.573653
3.545171 2.391890
3.725464 2.393772
5.258374 3.919598
3.134180 2.946567
3.089689 2.500931
3.091716 2.035587
3.931358 2.782917
3.525427 2.305774
3.842356 3.293542
4.854150 1.982183
3.711579 3.402399
4.118742 2.410762
3.405392 2.003270
3.145127 2.387850
3.517893 1.688481
3.183739 2.609851
2.933046 1.737687
3.926801 2.660102
4.610028 2.616913
4.058806 2.411053
4.030427 2.755549
4.024490 2.337721
4.596712 3.256114
3.068834 2.502169
3.197545 1.947279
3.965839 3.046043
4.296327 2.166173
3.359291 1.777431
3.967250 1.880825
3.460528 2.291117
2.180502 2.299686

2.507351 1.865830
3.356010 2.037135
3.592449 2.531118
3.827600 2.379672
2.818687 1.794959
4.779985 2.406408
2.959410 2.093227
3.396224 2.163433
2.849773 2.122251
3.304278 2.165655
3.144109 3.450330
3.162503 2.801834
4.155856 2.350805
4.076623 2.587105
3.230080 2.471238
3.298790 2.303119
3.323619 1.865214
2.915082 2.578059
2.931124 2.483081
3.544505 1.165170
3.856157 2.431743
4.369875 2.388913
3.848100 2.168680
3.585312 1.751476
2.768349 1.172802
3.034813 1.545858
3.535466 2.545156
3.318635 2.423990
3.298765 2.758446
3.421304 2.975051
2.757722 1.808903
2.916668 2.486005
3.516029 2.443338
3.089980 2.338614
3.656824 2.872977
3.347093 2.999195
3.684716 2.909043
3.546605 2.168303
3.019072 1.960527
3.354669 2.591561
2.837142 2.408203
3.304211 2.718197
3.826144 2.307717
3.640948 2.155488
3.138700 3.054292
3.434623 2.357860
3.470704 2.523959
2.992683 2.594358
4.220047 2.831246
3.746205 2.274546
3.542208 2.201612
3.412847 2.558509
3.097873 2.223654
2.921509 2.780956
3.478231 2.434060
3.034648 2.873888
2.506320 1.706678
3.482618 2.629531
3.316039 2.985873
3.145079 2.094121
2.875486 2.722481
3.398517 1.993985
4.483605 2.872698
3.457276 2.577385
3.947843 2.515760
3.655166 2.488713
3.265484 2.434948
3.117697 2.855084
3.419925 1.925179
3.205205 2.562351
4.756682 1.910946
3.435786 2.589806
3.205760 2.404933
3.577654 1.964299
3.582152 1.916227
1.953047 2.439090
3.137447 2.366576
3.614785 2.823557
3.405645 1.799909
3.814048 2.383221
3.593061 2.175524
5.766756 2.764848
3.508006 2.871364
4.128585 2.974598
3.603966 2.465822
3.357467 2.812972
2.550325 3.275409
3.582122 2.573653
3.545171 2.391890
3.725464 2.393772
5.258374 3.919598
3.134180 2.946567
2.423604 3.751695
3.089689 2.500931
3.091716 2.035587
3.931358 2.782917
3.525427 2.305774
3.842356 3.293542
4.854150 1.982183
3.711579 3.402399

4.779985 2.406408
4.500169 2.067735
2.507351 1.865830
3.084348 2.120166
3.592449 2.531118
3.201870 2.543794
2.818687 1.794959
2.785685 2.325435
3.356010 2.037135
3.876117 2.306360
2.959410 2.093227
2.678531 2.020191
3.034813 1.545858
3.530811 1.901471
4.076623 2.587105
3.313649 2.546213
4.369875 2.388913
3.571820 2.036941
2.849773 2.122251
3.493747 2.477460
3.827600 2.379672
3.390273 2.421831
3.144109 3.450330
3.233552 2.940615
3.304278 2.165655
3.630380 2.041853
4.155856 2.350805
3.980329 2.295688
3.230080 2.471238
3.156576 1.966582
3.298790 2.303119
3.466306 2.278187
3.323619 1.865214
3.646366 1.923069
2.931124 2.483081
2.870521 2.307200
3.585312 1.751476
3.053585 1.894529
3.546605 2.168303
3.034140 1.913120
3.856157 2.431743
3.347093 2.999195
3.162503 2.801834
3.421304 2.975051
3.396224 2.163433
3.848100 2.168680
2.915082 2.578059
2.768349 1.172802
3.535466 2.545156
3.298765 2.758446
2.757722 1.808903
3.516029 2.443338
3.656824 2.872977
3.354669 2.591561
3.684716 2.909043
3.019072 1.960527
2.837142 2.408203
3.304211 2.718197
3.826144 2.307717
3.640948 2.155488
3.138700 3.054292
3.434623 2.357860
3.089980 2.338614
3.318635 2.423990
3.470704 2.523959
2.992683 2.594358
4.220047 2.831246
3.746205 2.274546
3.542208 2.201612
3.544505 1.165170
2.916668 2.486005
3.412847 2.558509
3.097873 2.223654
2.921509 2.780956
3.478231 2.434060
3.034648 2.873888
2.506320 1.706678
3.482618 2.629531
3.316039 2.985873
3.145079 2.094121
2.875486 2.722481
3.398517 1.993985
4.483605 2.872698
3.457276 2.577385
3.947843 2.515760
3.655166 2.488713
3.265484 2.434948
3.117697 2.855084
3.419925 1.925179
3.205205 2.562351
4.756682 1.910946
3.435786 2.589806
3.205760 2.404933
3.577654 1.964299
3.582152 1.916227
1.953047 2.439090
3.137447 2.366576
3.614785 2.823557
3.405645 1.799909
3.814048 2.383221

4.779985 2.406408
4.110794 2.445746
2.507351 1.865830
3.157661 1.838083
3.084348 2.120166
3.231325 1.954685
3.493747 2.477460
3.497138 2.315642
3.592449 2.531118
3.764164 2.081330
3.876117 2.306360
3.647554 2.150051
2.818687 1.794959
3.436926 1.497328
3.571820 2.036941
3.657986 1.862263
3.356010 2.037135
3.635768 2.299896
4.500169 2.067735
3.699037 1.816265
2.959410 2.093227
2.030505 2.578986
3.034813 1.545858
3.014302 2.074493
3.313649 2.546213
3.133551 2.325293
2.678531 2.020191
2.388633 1.822596
3.233552 2.940615
4.144621 2.686374
3.034140 1.913120
3.361923 2.559385
3.530811 1.901471
3.120978 1.610448
3.646366 1.923069
2.867036 1.811344
4.076623 2.587105
4.209292 2.148886
2.785685 2.325435
3.808613 2.209366
4.369875 2.388913
2.849773 2.122251
3.827600 2.379672
3.201870 2.543794
3.156576 1.966582
3.144109 3.450330
3.630380 2.041853
3.053585 1.894529
3.304278 2.165655
4.155856 2.350805
3.230080 2.471238
3.298790 2.303119
3.390273 2.421831
3.323619 1.865214
2.931124 2.483081
3.585312 1.751476
3.546605 2.168303
3.856157 2.431743
3.347093 2.999195
3.162503 2.801834
3.421304 2.975051
3.980329 2.295688
3.396224 2.163433
3.848100 2.168680
2.915082 2.578059
2.768349 1.172802
3.535466 2.545156
3.298765 2.758446
2.757722 1.808903
3.516029 2.443338
3.656824 2.872977
3.354669 2.591561
3.684716 2.909043
3.019072 1.960527
2.837142 2.408203
3.466306 2.278187
3.304211 2.718197
3.826144 2.307717
3.640948 2.155488
3.138700 3.054292
3.434623 2.357860
3.089980 2.338614
3.318635 2.423990
3.470704 2.523959
2.992683 2.594358
4.220047 2.831246
3.746205 2.274546
3.542208 2.201612
3.544505 1.165170
2.916668 2.486005
3.412847 2.558509
3.097873 2.223654
2.921509 2.780956
3.478231 2.434060
3.034648 2.873888
2.506320 1.706678
3.482618 2.629531
3.316039 2.985873
3.145079 2.094121
2.875486 2.722481

2.030505 2.578986
2.762131 2.698209
4.110794 2.445746
3.542393 2.485304
4.779985 2.406408
3.847422 0.973410
2.507351 1.865830
3.274349 2.011712
3.808613 2.209366
3.688759 2.170912
3.497138 2.315642
3.664923 2.106959
3.084348 2.120166
3.604671 2.101919
3.493747 2.477460
3.194372 2.743256
3.657986 1.862263
3.175437 2.055357
3.592449 2.531118
3.367734 2.318620
3.876117 2.306360
3.630381 2.165651
2.818687 1.794959
3.218167 1.838560
3.635768 2.299896
3.548082 2.176382
3.571820 2.036941
2.213146 1.512359
4.144621 2.686374
3.331486 2.332666
3.157661 1.838083
3.568992 2.080905
3.231325 1.954685
2.745040 1.973066
3.356010 2.037135
3.704252 2.203619
3.764164 2.081330
3.579443 1.890821
3.120978 1.610448
3.054911 1.649927
4.500169 2.067735
2.959410 2.093227
2.388633 1.822596
3.034813 1.545858
3.313649 2.546213
3.361923 2.559385
3.647554 2.150051
2.678531 2.020191
3.233552 2.940615
3.133551 2.325293
3.034140 1.913120
3.530811 1.901471
3.699037 1.816265
3.646366 1.923069
4.076623 2.587105
2.785685 2.325435
3.436926 1.497328
4.369875 2.388913
2.849773 2.122251
3.827600 2.379672
3.201870 2.543794
3.156576 1.966582
3.144109 3.450330
3.014302 2.074493
3.630380 2.041853
3.053585 1.894529
3.304278 2.165655
4.155856 2.350805
3.230080 2.471238
3.298790 2.303119
3.390273 2.421831
3.323619 1.865214
2.931124 2.483081
3.585312 1.751476
3.546605 2.168303
3.856157 2.431743
3.347093 2.999195
3.162503 2.801834
3.421304 2.975051
3.980329 2.295688
3.396224 2.163433
3.848100 2.168680
2.915082 2.578059
2.768349 1.172802
3.535466 2.545156
3.298765 2.758446
2.757722 1.808903
3.516029 2.443338
3.656824 2.872977
3.354669 2.591561
3.684716 2.909043
3.019072 1.960527
2.837142 2.408203
3.466306 2.278187
3.304211 2.718197
3.826144 2.307717
3.640948 2.155488
3.138700 3.054292
3.434623 2.357860
3.089980 2.338614

3.688759 2.170912
4.676696 2.947589
2.030505 2.578986
2.458890 2.411641
4.110794 2.445746
3.876584 1.785615
4.779985 2.406408
4.503081 2.219804
2.762131 2.698209
2.873040 2.745875
3.331486 2.332666
3.469868 2.090122
3.847422 0.973410
3.560208 2.198332
2.507351 1.865830
3.730750 2.221832
3.808613 2.209366
3.551472 2.132893
3.497138 2.315642
3.471205 2.059079
3.054911 1.649927
3.720661 1.872117
3.630381 2.165651
4.667954 1.732867
3.604671 2.101919
1.532256 1.374599
3.084348 2.120166
3.361395 2.017231
3.493747 2.477460
2.420983 3.452899
3.657986 1.862263
3.411953 2.109602
3.704252 2.203619
4.298748 2.244635
3.218167 1.838560
3.842882 2.585200
3.592449 2.531118
3.424188 2.175408
3.568992 2.080905
3.248535 2.005883
3.542393 2.485304
3.876117 2.306360
2.818687 1.794959
3.635768 2.299896
3.367734 2.318620
3.548082 2.176382
3.571820 2.036941
2.745040 1.973066
4.144621 2.686374
3.157661 1.838083
3.231325 1.954685
3.274349 2.011712
3.664923 2.106959
3.356010 2.037135
3.764164 2.081330
3.120978 1.610448
4.500169 2.067735
2.959410 2.093227
2.213146 1.512359
2.388633 1.822596
3.175437 2.055357
3.579443 1.890821
3.034813 1.545858
3.313649 2.546213
3.361923 2.559385
3.647554 2.150051
2.678531 2.020191
3.233552 2.940615
3.133551 2.325293
3.034140 1.913120
3.530811 1.901471
3.699037 1.816265
3.646366 1.923069
4.076623 2.587105
2.785685 2.325435
3.436926 1.497328
4.369875 2.388913
2.849773 2.122251
3.827600 2.379672
3.201870 2.543794
3.156576 1.966582
3.144109 3.450330
3.014302 2.074493
3.630380 2.041853
3.053585 1.894529
3.304278 2.165655
4.155856 2.350805
3.230080 2.471238
3.298790 2.303119
3.390273 2.421831
3.323619 1.865214
2.931124 2.483081
3.585312 1.751476
3.546605 2.168303
3.856157 2.431743
3.347093 2.999195
3.162503 2.801834
3.421304 2.975051
3.980329 2.295688
3.396224 2.163433

1.532256 1.374599
3.929594 1.209215
2.458890 2.411641
2.924940 2.290061
3.560208 2.198332
3.486323 2.048766
3.876584 1.785615
3.421739 1.902158
3.688759 2.170912
3.403140 2.200288
2.030505 2.578986
2.226947 2.646021
4.676696 2.947589
4.274209 2.443708
3.730750 2.221832
3.568778 2.107112
3.720661 1.872117
4.246137 2.034807
4.110794 2.445746
2.542505 1.947081
4.779985 2.406408
4.325761 2.163922
3.361395 2.017231
3.569860 1.971297
2.762131 2.698209
2.428542 2.142259
3.551472 2.132893
3.583192 2.190439
3.469868 2.090122
3.294025 1.589423
3.331486 2.332666
2.825493 2.679006
3.424188 2.175408
3.469872 2.079288
3.847422 0.973410
2.774820 1.247758
2.507351 1.865830
2.713536 1.747151
2.873040 2.745875
2.005818 2.756399
3.808613 2.209366
3.497138 2.315642
3.054911 1.649927
3.248535 2.005883
3.630381 2.165651
3.604671 2.101919
3.084348 2.120166
3.493747 2.477460
3.657986 1.862263
3.704252 2.203619
3.411953 2.109602
3.218167 1.838560
3.592449 2.531118
4.503081 2.219804
3.568992 2.080905
3.542393 2.485304
3.876117 2.306360
2.818687 1.794959
3.635768 2.299896
3.367734 2.318620
3.548082 2.176382
4.298748 2.244635
3.571820 2.036941
2.745040 1.973066
4.144621 2.686374
3.157661 1.838083
3.231325 1.954685
3.274349 2.011712
3.664923 2.106959
3.471205 2.059079
3.356010 2.037135
3.764164 2.081330
3.120978 1.610448
4.500169 2.067735
2.959410 2.093227
2.213146 1.512359
2.388633 1.822596
3.175437 2.055357
3.579443 1.890821
3.034813 1.545858
3.313649 2.546213
4.667954 1.732867
3.361923 2.559385
3.647554 2.150051
2.678531 2.020191
3.233552 2.940615
3.133551 2.325293
3.034140 1.913120
3.530811 1.901471
3.699037 1.816265
3.646366 1.923069
4.076623 2.587105
2.785685 2.325435
3.436926 1.497328
4.369875 2.388913
2.849773 2.122251
3.827600 2.379672
3.201870 2.543794
3.156576 1.966582
3.144109 3.450330

2.542505 1.947081
3.062993 1.962288
2.005818 2.756399
2.779640 2.322104
3.929594 1.209215
4.301112 1.862884
4.274209 2.443708
2.170937 1.682036
2.774820 1.247758
3.430731 1.627142
1.532256 1.374599
1.697279 2.023849
2.458890 2.411641
2.705488 2.232492
3.568778 2.107112
2.678037 2.653416
3.560208 2.198332
3.759357 1.866973
3.876584 1.785615
3.615064 1.060627
3.486323 2.048766
2.476387 1.757282
3.403140 2.200288
3.320300 1.811610
3.688759 2.170912
5.186757 2.187939
2.428542 2.142259
1.808078 1.904656
2.825493 2.679006
2.664514 2.484397
2.030505 2.578986
2.493168 2.004005
4.676696 2.947589
4.470994 2.231254
3.730750 2.221832
3.757349 2.170951
3.720661 1.872117
3.261337 2.105625
4.110794 2.445746
3.016780 2.497669
2.924940 2.290061
4.779985 2.406408
3.421739 1.902158
3.361395 2.017231
2.762131 2.698209
3.551472 2.132893
3.469868 2.090122
3.331486 2.332666
3.424188 2.175408
4.246137 2.034807
3.847422 0.973410
2.507351 1.865830
2.873040 2.745875
4.325761 2.163922
2.713536 1.747151
3.294025 1.589423
3.583192 2.190439
3.569860 1.971297
3.808613 2.209366
3.497138 2.315642
2.226947 2.646021
3.054911 1.649927
3.248535 2.005883
3.630381 2.165651
3.604671 2.101919
3.469872 2.079288
3.084348 2.120166
3.493747 2.477460
3.657986 1.862263
3.704252 2.203619
3.411953 2.109602
3.218167 1.838560
3.592449 2.531118
4.503081 2.219804
3.568992 2.080905
3.542393 2.485304
3.876117 2.306360
2.818687 1.794959
3.635768 2.299896
3.367734 2.318620
3.548082 2.176382
4.298748 2.244635
3.571820 2.036941
2.745040 1.973066
4.144621 2.686374
3.157661 1.838083
3.231325 1.954685
3.274349 2.011712
3.664923 2.106959
3.471205 2.059079
3.356010 2.037135
3.764164 2.081330
3.120978 1.610448
4.500169 2.067735
2.959410 2.093227
2.213146 1.512359
2.388633 1.822596
3.175437 2.055357
3.579443 1.890821
3.034813 1.545858

2.542505 1.947081
2.076615 1.679687
3.062993 1.962288
2.889603 1.967648
2.476387 1.757282
1.312586 1.375421
5.186757 2.187939
6.626945 1.694263
2.779640 2.322104
3.002816 1.881636
2.005818 2.756399
2.595291 2.000598
4.301112 1.862884
3.605006 2.732129
2.493168 2.004005
2.126383 1.732698
3.929594 1.209215
4.389925 1.564103
4.470994 2.231254
3.174798 1.998590
3.320300 1.811610
2.953017 1.956340
2.705488 2.232492
1.807266 2.802754
4.274209 2.443708
5.910418 2.760102
2.664514 2.484397
2.507468 2.036097
1.808078 1.904656
2.939660 1.796196
2.774820 1.247758
3.728367 1.295488
1.532256 1.374599
2.179338 1.925516
2.458890 2.411641
2.290001 1.561940
3.261337 2.105625
2.590769 1.858645
3.568778 2.107112
3.216459 2.079715
2.678037 2.653416
3.560208 2.198332
3.876584 1.785615
3.430731 1.627142
3.486323 2.048766
3.403140 2.200288
3.759357 1.866973
3.688759 2.170912
2.428542 2.142259
3.016780 2.497669
2.825493 2.679006
2.030505 2.578986
1.697279 2.023849
4.676696 2.947589
3.730750 2.221832
3.720661 1.872117
4.110794 2.445746
2.924940 2.290061
4.779985 2.406408
3.421739 1.902158
3.361395 2.017231
2.762131 2.698209
3.551472 2.132893
3.469868 2.090122
3.331486 2.332666
3.424188 2.175408
4.246137 2.034807
3.847422 0.973410
2.507351 1.865830
2.873040 2.745875
4.325761 2.163922
2.713536 1.747151
3.294025 1.589423
3.757349 2.170951
3.583192 2.190439
3.569860 1.971297
3.808613 2.209366
3.497138 2.315642
2.226947 2.646021
3.054911 1.649927
3.248535 2.005883
3.630381 2.165651
3.604671 2.101919
3.469872 2.079288
3.084348 2.120166
3.493747 2.477460
3.657986 1.862263
3.704252 2.203619
3.411953 2.109602
3.218167 1.838560
3.592449 2.531118
4.503081 2.219804
3.568992 2.080905
3.542393 2.485304
3.876117 2.306360
2.818687 1.794959
3.635768 2.299896
3.367734 2.318620
3.548082 2.176382
4.298748 2.244635

6.626945 1.694263
6.879217 2.232774
5.910418 2.760102
6.682970 2.292914
2.542505 1.947081
1.819967 1.529871
2.076615 1.679687
2.053317 2.595283
3.062993 1.962288
2.975203 2.520006
2.507468 2.036097
3.779067 1.835005
2.476387 1.757282
2.667881 2.346645
4.389925 1.564103
3.301479 1.685865
3.174798 1.998590
2.693149 2.143603
5.186757 2.187939
4.488335 1.905290
2.779640 2.322104
2.676084 2.543672
3.728367 1.295488
2.867334 1.500435
3.605006 2.732129
2.949142 2.921290
2.005818 2.756399
4.233253 2.309503
4.301112 1.862884
3.458400 1.714929
2.493168 2.004005
2.542290 2.060694
3.929594 1.209215
3.590434 1.749289
4.470994 2.231254
3.692745 2.259052
3.002816 1.881636
3.961493 1.671516
3.320300 1.811610
3.002573 1.767770
2.953017 1.956340
2.290001 1.561940
2.889603 1.967648
2.705488 2.232492
4.274209 2.443708
1.312586 1.375421
2.664514 2.484397
2.595291 2.000598
2.939660 1.796196
1.808078 1.904656
2.774820 1.247758
1.532256 1.374599
2.126383 1.732698
2.458890 2.411641
3.261337 2.105625
3.568778 2.107112
2.678037 2.653416
3.560208 2.198332
3.876584 1.785615
3.430731 1.627142
2.590769 1.858645
3.486323 2.048766
3.403140 2.200288
3.216459 2.079715
3.759357 1.866973
3.688759 2.170912
2.428542 2.142259
3.016780 2.497669
2.825493 2.679006
2.030505 2.578986
1.697279 2.023849
4.676696 2.947589
2.179338 1.925516
3.730750 2.221832
3.720661 1.872117
4.110794 2.445746
2.924940 2.290061
4.779985 2.406408
3.421739 1.902158
3.361395 2.017231
2.762131 2.698209
3.551472 2.132893
3.469868 2.090122
3.331486 2.332666
3.424188 2.175408
4.246137 2.034807
3.847422 0.973410
2.507351 1.865830
2.873040 2.745875
4.325761 2.163922
2.713536 1.747151
3.294025 1.589423
3.757349 2.170951
3.583192 2.190439
3.569860 1.971297
3.808613 2.209366
3.497138 2.315642
2.226947 2.646021
3.054911 1.649927
3.248535 2.005883

6.626945 1.694263
4.327558 1.965600
2.667881 2.346645
2.464705 2.339497
6.879217 2.232774
5.028072 2.181262
2.975203 2.520006
2.989129 2.077946
6.682970 2.292914
5.206673 2.368554
5.910418 2.760102
4.740057 2.441427
2.053317 2.595283
4.293176 2.205006
2.542505 1.947081
4.405247 1.874497
3.458400 1.714929
3.180572 2.275850
2.076615 1.679687
4.739679 2.154366
3.779067 1.835005
1.962033 1.622722
3.062993 1.962288
3.008587 2.002783
4.233253 2.309503
5.180416 2.708174
2.949142 2.921290
3.546696 3.846913
2.542290 2.060694
4.203305 2.343468
2.507468 2.036097
2.785896 2.373339
2.476387 1.757282
2.776929 1.675644
2.693149 2.143603
3.000849 2.302973
4.389925 1.564103
3.514998 1.821110
4.488335 1.905290
3.943646 1.659168
3.174798 1.998590
3.002573 1.767770
5.186757 2.187939
2.779640 2.322104
2.867334 1.500435
3.692745 2.259052
3.590434 1.749289
3.728367 1.295488
3.605006 2.732129
2.005818 2.756399
4.301112 1.862884
2.493168 2.004005
3.929594 1.209215
4.470994 2.231254
3.002816 1.881636
3.320300 1.811610
2.953017 1.956340
2.290001 1.561940
3.961493 1.671516
2.889603 1.967648
2.676084 2.543672
2.705488 2.232492
4.274209 2.443708
1.312586 1.375421
2.664514 2.484397
2.595291 2.000598
2.939660 1.796196
1.808078 1.904656
2.774820 1.247758
1.532256 1.374599
2.126383 1.732698
2.458890 2.411641
3.261337 2.105625
3.568778 2.107112
2.678037 2.653416
3.560208 2.198332
3.876584 1.785615
3.430731 1.627142
2.590769 1.858645
3.486323 2.048766
3.403140 2.200288
3.216459 2.079715
3.759357 1.866973
3.688759 2.170912
2.428542 2.142259
3.016780 2.497669
2.825493 2.679006
2.030505 2.578986
1.697279 2.023849
4.676696 2.947589
2.179338 1.925516
3.730750 2.221832
3.720661 1.872117
4.110794 2.445746
2.924940 2.290061
4.779985 2.406408
3.421739 1.902158
3.361395 2.017231
2.762131 2.698209
3.551472 2.132893

3.943646 1.659168
4.142064 2.066627
6.626945 1.694263
4.872694 2.598797
2.667881 2.346645
2.209314 1.707900
4.327558 1.965600
2.434851 1.946116
2.989129 2.077946
3.854204 2.204342
6.879217 2.232774
6.497521 2.451611
2.975203 2.520006
4.158070 2.604141
6.682970 2.292914
6.323661 2.125453
5.028072 2.181262
5.605324 2.160713
4.405247 1.874497
3.222921 2.315964
5.910418 2.760102
5.600670 2.931595
2.464705 2.339497
2.207676 2.407645
5.180416 2.708174
4.653342 2.448571
4.293176 2.205006
4.659886 2.309634
5.206673 2.368554
3.114692 1.260208
4.739679 2.154366
3.531614 2.581133
4.740057 2.441427
3.888156 2.076274
2.053317 2.595283
2.469651 2.225738
2.542505 1.947081
3.522638 1.928913
3.458400 1.714929
6.171727 2.059410
3.180572 2.275850
3.000849 2.302973
2.076615 1.679687
3.008587 2.002783
3.514998 1.821110
3.779067 1.835005
4.203305 2.343468
3.062993 1.962288
4.233253 2.309503
2.949142 2.921290
2.542290 2.060694
2.507468 2.036097
2.476387 1.757282
2.693149 2.143603
4.389925 1.564103
4.488335 1.905290
3.174798 1.998590
3.002573 1.767770
5.186757 2.187939
2.779640 2.322104
2.867334 1.500435
3.692745 2.259052
3.590434 1.749289
2.776929 1.675644
3.728367 1.295488
3.605006 2.732129
2.005818 2.756399
4.301112 1.862884
2.493168 2.004005
3.929594 1.209215
4.470994 2.231254
1.962033 1.622722
3.002816 1.881636
3.320300 1.811610
2.953017 1.956340
2.785896 2.373339
2.290001 1.561940
3.961493 1.671516
2.889603 1.967648
2.676084 2.543672
2.705488 2.232492
4.274209 2.443708
1.312586 1.375421
2.664514 2.484397
2.595291 2.000598
2.939660 1.796196
1.808078 1.904656
2.774820 1.247758
1.532256 1.374599
2.126383 1.732698
2.458890 2.411641
3.261337 2.105625
3.568778 2.107112
2.678037 2.653416
3.560208 2.198332
3.876584 1.785615
3.430731 1.627142
2.590769 1.858645
3.486323 2.048766
3.403140 2.200288

3.114692 1.260208
3.707968 1.361272
4.872694 2.598797
6.389487 2.653716
3.943646 1.659168
2.519970 1.743468
4.142064 2.066627
4.575604 2.311876
6.626945 1.694263
5.145069 1.942359
6.497521 2.451611
4.561642 2.437104
2.667881 2.346645
2.708762 1.938246
4.327558 1.965600
4.924659 2.267789
2.989129 2.077946
2.808107 2.523172
6.879217 2.232774
3.990980 3.392909
3.854204 2.204342
5.703311 1.899016
2.975203 2.520006
4.836023 2.784343
6.682970 2.292914
6.997092 2.299055
4.158070 2.604141
4.179522 2.145876
5.605324 2.160713
5.243167 2.274532
5.028072 2.181262
6.554542 1.511965
2.207676 2.407645
2.709429 2.284874
4.405247 1.874497
5.011670 2.291179
6.323661 2.125453
6.143332 2.025127
5.910418 2.760102
8.455058 4.002420
2.464705 2.339497
5.600670 2.931595
5.180416 2.708174
4.293176 2.205006
5.206673 2.368554
4.739679 2.154366
3.522638 1.928913
4.740057 2.441427
2.053317 2.595283
3.888156 2.076274
2.542505 1.947081
3.458400 1.714929
3.180572 2.275850
4.659886 2.309634
3.000849 2.302973
3.531614 2.581133
4.653342 2.448571
2.076615 1.679687
3.008587 2.002783
3.514998 1.821110
3.779067 1.835005
4.203305 2.343468
2.469651 2.225738
3.062993 1.962288
4.233253 2.309503
2.949142 2.921290
2.542290 2.060694
2.507468 2.036097
2.476387 1.757282
2.693149 2.143603
4.389925 1.564103
4.488335 1.905290
3.174798 1.998590
3.002573 1.767770
5.186757 2.187939
2.779640 2.322104
2.867334 1.500435
3.692745 2.259052
3.590434 1.749289
2.776929 1.675644
3.728367 1.295488
3.605006 2.732129
2.005818 2.756399
4.301112 1.862884
2.493168 2.004005
3.929594 1.209215
4.470994 2.231254
1.962033 1.622722
3.002816 1.881636
2.209314 1.707900
3.320300 1.811610
2.953017 1.956340
2.785896 2.373339
2.290001 1.561940
3.961493 1.671516
2.889603 1.967648
2.676084 2.543672
2.705488 2.232492
4.274209 2.443708
1.312586 1.375421

2.519970 1.743468
1.857773 1.330425
3.114692 1.260208
3.794921 1.652019
3.707968 1.361272
4.415868 1.608903
4.872694 2.598797
4.057601 2.707515
2.708762 1.938246
5.755317 1.148174
6.389487 2.653716
4.822934 2.047456
3.943646 1.659168
2.571598 1.989765
5.145069 1.942359
4.209055 1.938669
2.808107 2.523172
3.744868 2.166746
5.243167 2.274532
4.043372 1.593007
4.142064 2.066627
4.114033 1.732049
5.703311 1.899016
4.672470 1.869453
6.626945 1.694263
8.048853 1.427233
4.561642 2.437104
4.906810 2.525855
6.497521 2.451611
6.149029 2.594131
2.667881 2.346645
3.163182 1.999594
4.327558 1.965600
4.357978 2.118960
2.989129 2.077946
3.724890 1.977978
4.836023 2.784343
4.136989 2.080067
5.011670 2.291179
4.491241 1.833744
6.879217 2.232774
3.854204 2.204342
2.975203 2.520006
6.682970 2.292914
4.158070 2.604141
6.997092 2.299055
6.554542 1.511965
2.709429 2.284874
4.924659 2.267789
4.179522 2.145876
5.605324 2.160713
5.028072 2.181262
2.207676 2.407645
6.143332 2.025127
4.405247 1.874497
6.323661 2.125453
5.910418 2.760102
4.575604 2.311876
2.464705 2.339497
5.600670 2.931595
5.180416 2.708174
4.293176 2.205006
5.206673 2.368554
4.739679 2.154366
3.522638 1.928913
4.740057 2.441427
2.053317 2.595283
3.990980 3.392909
3.888156 2.076274
2.542505 1.947081
3.458400 1.714929
3.180572 2.275850
4.659886 2.309634
3.000849 2.302973
3.531614 2.581133
4.653342 2.448571
2.076615 1.679687
3.008587 2.002783
3.514998 1.821110
3.779067 1.835005
4.203305 2.343468
2.469651 2.225738
3.062993 1.962288
8.455058 4.002420
4.233253 2.309503
2.949142 2.921290
2.542290 2.060694
2.507468 2.036097
2.476387 1.757282
2.693149 2.143603
4.389925 1.564103
4.488335 1.905290
3.174798 1.998590
3.002573 1.767770
5.186757 2.187939
2.779640 2.322104
2.867334 1.500435
3.692745 2.259052
3.590434 1.749289
2.776929 1.675644

2.519970 1.743468
1.734425 1.176349
3.114692 1.260208
3.131183 1.682533
8.048853 1.427233
6.369550 2.160521
3.707968 1.361272
4.811226 1.834791
4.415868 1.608903
3.704555 1.751308
3.794921 1.652019
3.721392 1.398188
4.822934 2.047456
4.308571 1.629550
4.043372 1.593007
4.185914 1.604775
4.872694 2.598797
3.882957 1.900646
2.708762 1.938246
2.784231 1.997816
6.149029 2.594131
4.430503 2.638198
6.389487 2.653716
5.669024 2.145708
3.943646 1.659168
4.022611 1.436116
3.744868 2.166746
4.709618 2.586366
5.145069 1.942359
4.214150 2.312511
4.136989 2.080067
7.304337 1.315731
2.808107 2.523172
4.710149 2.514230
4.209055 1.938669
5.058917 2.264241
1.857773 1.330425
4.176814 1.788132
5.243167 2.274532
2.534871 2.172004
4.142064 2.066627
5.703311 1.899016
4.906810 2.525855
4.057601 2.707515
6.626945 1.694263
3.163182 1.999594
4.561642 2.437104
6.497521 2.451611
2.667881 2.346645
4.327558 1.965600
2.571598 1.989765
2.989129 2.077946
3.724890 1.977978
4.836023 2.784343
5.011670 2.291179
6.879217 2.232774
3.854204 2.204342
4.357978 2.118960
2.975203 2.520006
6.682970 2.292914
4.158070 2.604141
6.997092 2.299055
6.554542 1.511965
4.491241 1.833744
2.709429 2.284874
4.672470 1.869453
4.924659 2.267789
4.179522 2.145876
5.605324 2.160713
5.028072 2.181262
2.207676 2.407645
6.143332 2.025127
4.405247 1.874497
6.323661 2.125453
5.910418 2.760102
4.575604 2.311876
2.464705 2.339497
5.600670 2.931595
5.180416 2.708174
4.293176 2.205006
5.206673 2.368554
4.739679 2.154366
3.522638 1.928913
4.740057 2.441427
2.053317 2.595283
3.990980 3.392909
3.888156 2.076274
2.542505 1.947081
3.458400 1.714929
3.180572 2.275850
4.659886 2.309634
3.000849 2.302973
3.531614 2.581133
4.653342 2.448571
2.076615 1.679687
3.008587 2.002783
3.514998 1.821110
3.779067 1.835005
4.203305 2.343468
2.469651 2.225738

2.519970 1.743468
1.359898 2.090965
7.304337 1.315731
7.497805 1.592005
3.114692 1.260208
2.825523 1.622051
3.131183 1.682533
2.839517 1.632057
3.882957 1.900646
4.001619 1.913042
3.721392 1.398188
4.567146 1.771458
8.048853 1.427233
7.845976 1.452071
4.709618 2.586366
4.478873 2.398773
3.707968 1.361272
3.509514 0.819231
4.430503 2.638198
3.940906 2.057387
4.415868 1.608903
5.392327 3.013815
3.704555 1.751308
3.914768 1.895344
3.794921 1.652019
3.452998 1.725759
4.822934 2.047456
4.083868 1.599383
4.811226 1.834791
4.277248 1.296323
4.710149 2.514230
4.110860 2.301339
4.022611 1.436116
5.826247 1.379926
6.369550 2.160521
4.650278 2.020064
5.058917 2.264241
4.773884 2.535380
4.043372 1.593007
5.852190 1.381320
4.308571 1.629550
4.872694 2.598797
4.214150 2.312511
2.708762 1.938246
5.669024 2.145708
2.784231 1.997816
6.149029 2.594131
6.389487 2.653716
3.943646 1.659168
2.534871 2.172004
3.744868 2.166746
4.185914 1.604775
5.145069 1.942359
4.136989 2.080067
2.808107 2.523172
4.209055 1.938669
1.857773 1.330425
5.243167 2.274532
4.142064 2.066627
5.703311 1.899016
4.906810 2.525855
4.176814 1.788132
4.057601 2.707515
6.626945 1.694263
3.163182 1.999594
4.561642 2.437104
6.497521 2.451611
2.667881 2.346645
4.327558 1.965600
2.571598 1.989765
2.989129 2.077946
3.724890 1.977978
4.836023 2.784343
5.011670 2.291179
6.879217 2.232774
3.854204 2.204342
4.357978 2.118960
2.975203 2.520006
6.682970 2.292914
4.158070 2.604141
6.997092 2.299055
6.554542 1.511965
4.491241 1.833744
2.709429 2.284874
4.672470 1.869453
4.924659 2.267789
4.179522 2.145876
5.605324 2.160713
5.028072 2.181262
2.207676 2.407645
6.143332 2.025127
4.405247 1.874497
6.323661 2.125453
5.910418 2.760102
4.575604 2.311876
2.464705 2.339497
1.734425 1.176349
5.600670 2.931595
5.180416 2.708174
4.293176 2.205006

4.277248 1.296323
4.586629 2.167447
2.519970 1.743468
2.913488 1.832073
7.304337 1.315731
7.311766 1.336884
5.392327 3.013815
4.495359 2.142908
5.852190 1.381320
6.867397 1.225118
7.497805 1.592005
5.633456 1.854050
3.114692 1.260208
4.540630 1.712175
2.839517 1.632057
5.063385 1.902509
5.826247 1.379926
5.890212 1.339167
3.131183 1.682533
3.248350 1.684781
3.452998 1.725759
4.139030 1.846118
3.882957 1.900646
3.848155 1.712087
2.825523 1.622051
3.507702 1.656251
3.721392 1.398188
4.351877 1.813782
3.940906 2.057387
3.531211 1.725798
8.048853 1.427233
6.137981 1.467634
4.001619 1.913042
3.803907 1.762418
4.650278 2.020064
4.222445 2.019724
4.083868 1.599383
3.784350 1.639177
4.709618 2.586366
4.007998 1.906860
3.707968 1.361272
4.430503 2.638198
4.415868 1.608903
3.704555 1.751308
3.794921 1.652019
4.567146 1.771458
4.822934 2.047456
4.110860 2.301339
4.811226 1.834791
4.710149 2.514230
4.022611 1.436116
6.369550 2.160521
5.058917 2.264241
7.845976 1.452071
4.043372 1.593007
4.308571 1.629550
4.872694 2.598797
4.214150 2.312511
4.478873 2.398773
3.914768 1.895344
2.708762 1.938246
1.359898 2.090965
5.669024 2.145708
2.784231 1.997816
6.149029 2.594131
6.389487 2.653716
4.773884 2.535380
3.943646 1.659168
2.534871 2.172004
3.744868 2.166746
4.185914 1.604775
5.145069 1.942359
4.136989 2.080067
2.808107 2.523172
4.209055 1.938669
1.857773 1.330425
5.243167 2.274532
4.142064 2.066627
5.703311 1.899016
4.906810 2.525855
4.176814 1.788132
4.057601 2.707515
6.626945 1.694263
3.163182 1.999594
4.561642 2.437104
6.497521 2.451611
2.667881 2.346645
4.327558 1.965600
2.571598 1.989765
2.989129 2.077946
3.724890 1.977978
4.836023 2.784343
5.011670 2.291179
6.879217 2.232774
3.854204 2.204342
4.357978 2.118960
2.975203 2.520006
6.682970 2.292914
4.158070 2.604141
6.997092 2.299055

