5.000000 2.000000
5.000000 3.000000
4.000000 2.000000
2.000000 1.000000
1.000000 1.000000
4.000000 5.000000
4.000000 1.000000
2.000000 5.000000
1.000000 2.000000
2.000000 1.000000
3.000000 5.000000
5.000000 1.000000
5.000000 2.000000
5.000000 3.000000
4.000000 1.000000
5.000000 5.000000
4.000000 3.000000
1.000000 4.000000
4.000000 3.000000
3.000000 4.000000
4.000000 2.000000
1.000000 2.000000
3.000000 1.000000
3.000000 5.000000
2.000000 1.000000
4.000000 5.000000
1.000000 4.000000
4.000000 2.000000
5.000000 1.000000
2.000000 4.000000
4.000000 1.000000
4.000000 3.000000
4.000000 5.000000
1.000000 2.000000
3.000000 1.000000
2.000000 3.000000
5.000000 1.000000
5.000000 4.000000
3.000000 5.000000
4.000000 2.000000
4.000000 1.000000
3.000000 3.000000
1.000000 2.000000
3.000000 4.000000
4.000000 3.000000
3.000000 4.000000
5.000000 3.000000
3.000000 5.000000
3.000000 1.000000
1.000000 3.000000
2.000000 2.000000
4.000000 5.000000
5.000000 1.000000
3.000000 2.000000
2.000000 1.000000
4.000000 5.000000
4.000000 5.000000
3.000000 5.000000
4.000000 1.000000
4.000000 5.000000
3.000000 5.000000
1.000000 2.000000
3.000000 3.000000
2.000000 5.000000
1.000000 3.000000
3.000000 4.000000
5.000000 2.000000
2.000000 2.000000
4.000000 5.000000
1.000000 2.000000
4.000000 2.000000
3.000000 1.000000
3.000000 3.000000
2.000000 1.000000
2.000000 2.000000
3.000000 3.000000
5.000000 5.000000
1.000000 4.000000
5.000000 3.000000
3.000000 1.000000
4.000000 2.000000
4.000000 4.000000
2.000000 2.000000
1.000000 5.000000
3.000000 4.000000
5.000000 4.000000
5.000000 2.000000
3.000000 1.000000
3.000000 3.000000
5.000000 1.000000
1.000000 2.000000
1.000000 5.000000
3.000000 5.000000
1.000000 1.000000
1.000000 5.000000
1.000000 2.000000
3.000000 3.000000
1.000000 3.000000
2.000000 1.000000
3.000000 4.000000

3.000000 5.000000
2.048772 3.922502
1.000000 4.000000
1.127601 3.104189
1.000000 4.000000
2.597384 4.770518
4.000000 5.000000
2.527992 4.853124
3.000000 5.000000
2.992498 4.743432
1.000000 5.000000
2.073807 4.435743
5.000000 3.000000
4.197011 3.370667
3.000000 5.000000
3.088310 5.442831
3.000000 5.000000
1.820112 4.056924
1.000000 4.000000
0.968222 3.505285
1.000000 5.000000
1.031683 3.783043
4.000000 5.000000
2.299860 4.172867
3.000000 4.000000
2.415522 4.911763
1.000000 5.000000
3.189670 4.000881
3.000000 5.000000
4.336636 4.960580
3.000000 5.000000
1.850180 5.374942
4.000000 5.000000
4.912085 3.809935
3.000000 4.000000
3.279032 4.166464
2.000000 2.000000
3.175204 2.588944
1.000000 3.000000
2.085666 3.754205
4.000000 4.000000
4.000000 2.000000
3.000000 3.000000
5.000000 2.000000
3.000000 4.000000
3.000000 3.000000
4.000000 5.000000
1.000000 2.000000
4.000000 5.000000
2.000000 3.000000
3.000000 4.000000
3.000000 4.000000
4.000000 5.000000
2.000000 5.000000
1.000000 2.000000
2.000000 5.000000
1.000000 3.000000
1.000000 2.000000
3.000000 3.000000
1.000000 2.000000
4.000000 3.000000
5.000000 2.000000
1.000000 3.000000
4.000000 5.000000
4.000000 3.000000
4.000000 5.000000
3.000000 5.000000
3.000000 3.000000
3.000000 3.000000
1.000000 2.000000
4.000000 3.000000
2.000000 2.000000
2.000000 1.000000
2.000000 4.000000
2.000000 1.000000
3.000000 3.000000
5.000000 4.000000
2.000000 2.000000
1.000000 2.000000
3.000000 4.000000
3.000000 1.000000
5.000000 5.000000
1.000000 2.000000
4.000000 1.000000
2.000000 1.000000
3.000000 1.000000
5.000000 4.000000
1.000000 2.000000
5.000000 3.000000
5.000000 3.000000
5.000000 5.000000
4.000000 2.000000
2.000000 2.000000
4.000000 2.000000
4.000000 2.000000
1.000000 1.000000
4.000000 2.000000
5.000000 3.000000
1.000000 1.000000
3.000000 1.000000

3.000000 5.000000
3.291583 4.659215
1.000000 4.000000
0.964577 4.272303
1.000000 4.000000
1.371782 4.003489
4.000000 5.000000
2.547977 4.535069
3.000000 5.000000
2.716850 4.781256
3.088310 5.442831
4.081384 6.531050
1.000000 5.000000
3.101387 3.995164
5.000000 3.000000
2.863478 5.608923
2.048772 3.922502
2.460090 4.079643
2.597384 4.770518
2.678518 3.444870
1.850180 5.374942
2.041636 4.990752
2.992498 4.743432
3.187391 4.535755
3.000000 5.000000
3.058922 4.714846
4.912085 3.809935
4.170890 4.226628
2.299860 4.172867
3.451462 5.374391
1.127601 3.104189
3.110835 3.475787
2.073807 4.435743
1.390174 3.926029
3.000000 5.000000
3.365598 4.229505
1.000000 4.000000
1.974645 4.753195
3.175204 2.588944
2.922475 4.069664
3.279032 4.166464
0.968222 3.505285
4.336636 4.960580
1.031683 3.783043
4.000000 5.000000
1.000000 5.000000
3.000000 5.000000
3.000000 5.000000
1.000000 5.000000
3.000000 4.000000
4.000000 5.000000
2.000000 2.000000
3.000000 4.000000
4.197011 3.370667
2.085666 3.754205
1.000000 3.000000
1.820112 4.056924
2.415522 4.911763
2.527992 4.853124
1.000000 2.000000
4.000000 5.000000
3.000000 3.000000
3.000000 4.000000
5.000000 2.000000
3.000000 3.000000
4.000000 2.000000
4.000000 4.000000
4.000000 5.000000
3.189670 4.000881
2.000000 3.000000
3.000000 4.000000
3.000000 4.000000
4.000000 5.000000
2.000000 5.000000
1.000000 3.000000
2.000000 5.000000
1.000000 2.000000
1.000000 2.000000
5.000000 2.000000
4.000000 3.000000
1.000000 2.000000
3.000000 3.000000
1.000000 3.000000
4.000000 5.000000
4.000000 3.000000
4.000000 5.000000
3.000000 5.000000
4.000000 3.000000
1.000000 2.000000
3.000000 3.000000
3.000000 3.000000
2.000000 1.000000
2.000000 4.000000
2.000000 1.000000
2.000000 2.000000
4.000000 1.000000
1.000000 2.000000
5.000000 5.000000
3.000000 1.000000
3.000000 4.000000

3.451462 5.374391
2.972932 4.191586
2.863478 5.608923
2.092142 5.251921
3.000000 5.000000
2.441656 4.563174
1.000000 4.000000
2.231226 4.068296
1.000000 4.000000
2.002197 4.780225
4.000000 5.000000
3.442906 4.189147
0.964577 4.272303
1.421688 4.350774
3.000000 5.000000
2.519984 4.795108
1.371782 4.003489
2.085510 4.921333
2.922475 4.069664
3.147561 4.346070
3.088310 5.442831
2.795240 5.168580
2.716850 4.781256
1.814934 4.446553
2.547977 4.535069
1.621673 3.977513
1.000000 5.000000
1.765740 5.434929
3.291583 4.659215
4.728527 2.254375
5.000000 3.000000
3.643798 4.044018
2.048772 3.922502
2.226554 4.558492
2.597384 4.770518
1.976870 4.719996
3.058922 4.714846
3.280725 4.877571
2.041636 4.990752
1.592419 4.463948
1.850180 5.374942
1.390174 3.926029
2.992498 4.743432
1.974645 4.753195
3.000000 5.000000
3.187391 4.535755
4.912085 3.809935
2.299860 4.172867
1.127601 3.104189
2.073807 4.435743
3.000000 5.000000
1.000000 4.000000
2.460090 4.079643
3.175204 2.588944
3.279032 4.166464
0.968222 3.505285
4.336636 4.960580
4.081384 6.531050
1.031683 3.783043
1.000000 5.000000
4.000000 5.000000
3.365598 4.229505
3.000000 4.000000
1.000000 5.000000
3.000000 5.000000
3.000000 5.000000
4.170890 4.226628
4.000000 5.000000
3.101387 3.995164
3.110835 3.475787
3.000000 4.000000
2.000000 2.000000
4.197011 3.370667
2.085666 3.754205
1.000000 3.000000
1.820112 4.056924
2.415522 4.911763
2.527992 4.853124
4.000000 4.000000
4.000000 2.000000
3.000000 3.000000
5.000000 2.000000
3.000000 4.000000
3.000000 3.000000
4.000000 5.000000
1.000000 2.000000
2.678518 3.444870
4.000000 5.000000
3.189670 4.000881
2.000000 3.000000
3.000000 4.000000
3.000000 4.000000
4.000000 5.000000
2.000000 5.000000
1.000000 2.000000
2.000000 5.000000
1.000000 3.000000
1.000000 2.000000
3.000000 3.000000
1.000000 2.000000

3.451462 5.374391
2.280973 5.215850
2.972932 4.191586
2.504365 6.247039
2.863478 5.608923
2.703442 3.941465
3.000000 5.000000
3.299836 4.359147
2.092142 5.251921
1.887731 5.157110
1.000000 4.000000
1.545083 4.688412
1.000000 4.000000
2.748121 4.676494
4.000000 5.000000
3.206247 4.745549
3.280725 4.877571
3.299359 5.134669
1.421688 4.350774
2.631086 4.239426
0.964577 4.272303
1.274387 4.072150
2.002197 4.780225
1.641201 4.507365
3.000000 5.000000
0.955040 7.529514
1.371782 4.003489
2.385964 4.639716
1.765740 5.434929
2.460724 5.185605
3.147561 4.346070
2.316612 2.923761
1.621673 3.977513
2.361393 4.511425
3.442906 4.189147
2.972911 4.445942
2.922475 4.069664
2.336585 4.117854
3.088310 5.442831
2.892912 6.338369
2.716850 4.781256
2.085510 4.921333
2.547977 4.535069
1.000000 5.000000
1.976870 4.719996
1.814934 4.446553
3.291583 4.659215
5.000000 3.000000
2.048772 3.922502
2.226554 4.558492
1.592419 4.463948
2.597384 4.770518
2.441656 4.563174
3.058922 4.714846
2.519984 4.795108
2.795240 5.168580
2.231226 4.068296
2.041636 4.990752
1.850180 5.374942
1.390174 3.926029
2.992498 4.743432
1.974645 4.753195
3.000000 5.000000
3.187391 4.535755
4.912085 3.809935
2.299860 4.172867
1.127601 3.104189
2.073807 4.435743
3.000000 5.000000
3.643798 4.044018
1.000000 4.000000
2.460090 4.079643
3.175204 2.588944
3.279032 4.166464
0.968222 3.505285
4.336636 4.960580
4.081384 6.531050
1.031683 3.783043
4.000000 5.000000
1.000000 5.000000
3.365598 4.229505
3.000000 5.000000
3.000000 5.000000
1.000000 5.000000
3.000000 4.000000
4.170890 4.226628
4.000000 5.000000
3.101387 3.995164
3.110835 3.475787
2.000000 2.000000
3.000000 4.000000
4.197011 3.370667
2.085666 3.754205
1.000000 3.000000
1.820112 4.056924
2.415522 4.911763
2.527992 4.853124
1.000000 2.000000
4.000000 5.000000
3.000000 3.000000

2.504365 6.247039
3.705555 2.870487
3.451462 5.374391
2.243141 5.159656
2.972932 4.191586
3.012082 3.805372
2.280973 5.215850
2.202723 5.259117
2.863478 5.608923
3.296380 4.442203
3.000000 5.000000
2.657606 5.200429
1.545083 4.688412
1.945775 5.479195
2.092142 5.251921
1.473666 6.265810
1.000000 4.000000
2.045779 4.258267
1.000000 4.000000
1.143719 5.005819
1.887731 5.157110
2.070899 5.446245
2.972911 4.445942
1.863292 4.187282
4.000000 5.000000
2.491173 4.328959
3.280725 4.877571
2.230237 4.467456
1.421688 4.350774
1.172283 4.032692
3.299359 5.134669
3.641983 5.216000
0.955040 7.529514
1.056852 5.448292
2.316612 2.923761
2.441407 4.535782
1.274387 4.072150
2.319419 4.709788
3.299836 4.359147
2.289362 3.954755
0.964577 4.272303
3.206247 4.745549
2.002197 4.780225
2.460724 5.185605
2.361393 4.511425
3.000000 5.000000
2.631086 4.239426
1.371782 4.003489
1.765740 5.434929
3.147561 4.346070
1.641201 4.507365
2.748121 4.676494
1.621673 3.977513
3.442906 4.189147
2.922475 4.069664
3.088310 5.442831
2.716850 4.781256
2.085510 4.921333
2.547977 4.535069
1.000000 5.000000
1.976870 4.719996
1.814934 4.446553
3.291583 4.659215
5.000000 3.000000
2.048772 3.922502
2.226554 4.558492
1.592419 4.463948
2.336585 4.117854
2.385964 4.639716
2.597384 4.770518
2.441656 4.563174
3.058922 4.714846
2.519984 4.795108
2.795240 5.168580
2.231226 4.068296
2.892912 6.338369
2.041636 4.990752
1.850180 5.374942
1.390174 3.926029
2.992498 4.743432
1.974645 4.753195
3.000000 5.000000
3.187391 4.535755
4.912085 3.809935
2.299860 4.172867
1.127601 3.104189
2.073807 4.435743
3.000000 5.000000
3.643798 4.044018
2.703442 3.941465
1.000000 4.000000
2.460090 4.079643
3.175204 2.588944
3.279032 4.166464
0.968222 3.505285
4.336636 4.960580
4.081384 6.531050
1.031683 3.783043
1.000000 5.000000
4.000000 5.000000

2.504365 6.247039
1.934007 5.298861
1.945775 5.479195
1.769618 4.808332
3.451462 5.374391
3.508485 5.315836
1.143719 5.005819
1.247187 4.853393
2.972932 4.191586
2.460181 5.043021
2.243141 5.159656
1.797853 6.142219
3.012082 3.805372
2.649871 4.483652
2.280973 5.215850
1.718556 5.557479
2.657606 5.200429
2.594560 4.731938
2.863478 5.608923
2.886746 5.067327
3.000000 5.000000
3.663714 4.460396
1.473666 6.265810
1.865630 6.072039
1.545083 4.688412
2.423982 4.789343
2.092142 5.251921
1.626575 4.365890
1.000000 4.000000
2.062441 4.621786
1.000000 4.000000
1.822044 4.281141
2.202723 5.259117
2.496709 4.893452
2.070899 5.446245
2.481885 5.561867
2.045779 4.258267
1.609368 3.902601
3.641983 5.216000
3.150420 4.857567
1.887731 5.157110
2.972911 4.445942
1.863292 4.187282
1.172283 4.032692
4.000000 5.000000
2.441407 4.535782
2.230237 4.467456
3.280725 4.877571
3.296380 4.442203
1.056852 5.448292
1.421688 4.350774
2.319419 4.709788
3.299359 5.134669
0.955040 7.529514
2.316612 2.923761
2.491173 4.328959
1.274387 4.072150
3.299836 4.359147
0.964577 4.272303
3.206247 4.745549
2.002197 4.780225
2.460724 5.185605
2.361393 4.511425
3.000000 5.000000
2.631086 4.239426
1.371782 4.003489
1.765740 5.434929
3.147561 4.346070
1.641201 4.507365
2.748121 4.676494
1.621673 3.977513
3.442906 4.189147
2.922475 4.069664
3.088310 5.442831
2.716850 4.781256
2.085510 4.921333
2.547977 4.535069
1.000000 5.000000
1.976870 4.719996
1.814934 4.446553
3.291583 4.659215
5.000000 3.000000
2.048772 3.922502
2.226554 4.558492
2.289362 3.954755
1.592419 4.463948
2.336585 4.117854
2.385964 4.639716
2.597384 4.770518
2.441656 4.563174
3.058922 4.714846
2.519984 4.795108
2.795240 5.168580
2.231226 4.068296
2.892912 6.338369
2.041636 4.990752
1.850180 5.374942
3.705555 2.870487
1.390174 3.926029
2.992498 4.743432

2.504365 6.247039
2.854987 5.489661
1.945775 5.479195
1.774493 5.649213
1.934007 5.298861
3.870023 8.214418
3.451462 5.374391
2.711842 5.538009
2.649871 4.483652
2.112574 4.380806
1.718556 5.557479
2.224803 5.583755
2.481885 5.561867
3.289509 3.207230
1.143719 5.005819
1.936417 4.744558
1.769618 4.808332
1.510594 7.703363
2.972932 4.191586
2.312143 4.352887
2.243141 5.159656
2.367593 5.270542
3.508485 5.315836
3.331844 5.122695
1.247187 4.853393
1.969416 5.516009
2.460181 5.043021
2.999191 3.024910
3.012082 3.805372
2.014328 4.275731
3.150420 4.857567
2.780556 4.788037
1.865630 6.072039
2.001693 6.052708
1.797853 6.142219
2.500775 4.664197
2.062441 4.621786
2.413751 5.093959
2.280973 5.215850
1.693048 4.897818
2.657606 5.200429
2.863478 5.608923
3.000000 5.000000
1.473666 6.265810
1.545083 4.688412
2.092142 5.251921
1.000000 4.000000
1.000000 4.000000
2.202723 5.259117
2.594560 4.731938
2.886746 5.067327
2.070899 5.446245
2.045779 4.258267
3.641983 5.216000
1.887731 5.157110
2.972911 4.445942
1.863292 4.187282
2.423982 4.789343
1.172283 4.032692
4.000000 5.000000
2.441407 4.535782
2.230237 4.467456
3.280725 4.877571
3.296380 4.442203
1.056852 5.448292
1.421688 4.350774
2.496709 4.893452
2.319419 4.709788
3.299359 5.134669
0.955040 7.529514
3.663714 4.460396
2.316612 2.923761
2.491173 4.328959
1.609368 3.902601
1.274387 4.072150
3.299836 4.359147
1.822044 4.281141
0.964577 4.272303
3.206247 4.745549
1.626575 4.365890
2.002197 4.780225
2.460724 5.185605
2.361393 4.511425
3.000000 5.000000
2.631086 4.239426
1.371782 4.003489
1.765740 5.434929
3.147561 4.346070
1.641201 4.507365
2.748121 4.676494
1.621673 3.977513
3.442906 4.189147
2.922475 4.069664
3.088310 5.442831
2.716850 4.781256
2.085510 4.921333
2.547977 4.535069
1.000000 5.000000
1.976870 4.719996
1.814934 4.446553

3.870023 8.214418
3.295304 6.582975
2.014328 4.275731
1.891576 5.323974
2.504365 6.247039
2.426671 5.369220
1.510594 7.703363
2.221680 5.832412
2.854987 5.489661
2.443821 4.687188
1.945775 5.479195
1.867778 5.582016
2.413751 5.093959
2.297918 5.126353
2.711842 5.538009
2.174101 4.546901
1.774493 5.649213
2.034534 4.818415
1.934007 5.298861
1.513038 5.565959
2.112574 4.380806
1.840176 4.507298
3.451462 5.374391
2.647616 4.600512
2.312143 4.352887
2.309066 4.793095
2.649871 4.483652
2.185360 4.577771
1.718556 5.557479
1.642622 5.132393
2.481885 5.561867
2.176022 5.372721
2.001693 6.052708
2.286877 5.890774
1.143719 5.005819
1.843140 4.803216
1.936417 4.744558
1.774976 5.134773
1.769618 4.808332
2.312149 5.549490
2.972932 4.191586
2.224803 5.583755
2.367593 5.270542
2.243141 5.159656
3.508485 5.315836
1.247187 4.853393
1.969416 5.516009
2.460181 5.043021
3.012082 3.805372
3.150420 4.857567
1.865630 6.072039
3.331844 5.122695
1.693048 4.897818
1.797853 6.142219
2.062441 4.621786
2.280973 5.215850
2.657606 5.200429
2.863478 5.608923
3.000000 5.000000
1.473666 6.265810
1.545083 4.688412
2.092142 5.251921
1.000000 4.000000
1.000000 4.000000
2.202723 5.259117
2.780556 4.788037
2.500775 4.664197
2.594560 4.731938
2.886746 5.067327
2.070899 5.446245
2.045779 4.258267
3.641983 5.216000
1.887731 5.157110
2.972911 4.445942
1.863292 4.187282
2.423982 4.789343
1.172283 4.032692
4.000000 5.000000
2.441407 4.535782
2.230237 4.467456
3.280725 4.877571
3.296380 4.442203
1.056852 5.448292
1.421688 4.350774
2.496709 4.893452
2.319419 4.709788
3.299359 5.134669
0.955040 7.529514
3.663714 4.460396
2.316612 2.923761
2.491173 4.328959
1.609368 3.902601
1.274387 4.072150
3.299836 4.359147
1.822044 4.281141
0.964577 4.272303
3.206247 4.745549
1.626575 4.365890
2.002197 4.780225
2.460724 5.185605

3.870023 8.214418
3.216815 6.536549
2.014328 4.275731
1.831306 4.171958
2.504365 6.247039
2.477977 5.904069
1.510594 7.703363
2.599596 7.085412
3.295304 6.582975
2.961225 5.124897
2.854987 5.489661
3.194181 5.980779
2.297918 5.126353
2.190908 4.884570
2.174101 4.546901
2.361957 4.735093
2.426671 5.369220
2.056214 4.899983
1.891576 5.323974
2.185692 4.962212
2.034534 4.818415
1.839190 4.815030
1.945775 5.479195
2.159464 5.427936
2.413751 5.093959
2.473101 5.316845
2.711842 5.538009
2.619156 5.225040
1.867778 5.582016
1.942137 5.810972
2.309066 4.793095
2.532728 5.375674
2.221680 5.832412
2.536065 5.482269
2.185360 4.577771
2.473366 5.887483
2.443821 4.687188
2.559703 5.112016
1.774493 5.649213
1.717757 7.183876
2.312149 5.549490
2.286877 5.890774
1.934007 5.298861
2.176022 5.372721
2.112574 4.380806
1.840176 4.507298
3.451462 5.374391
2.312143 4.352887
1.774976 5.134773
2.649871 4.483652
1.718556 5.557479
2.481885 5.561867
2.001693 6.052708
1.642622 5.132393
1.143719 5.005819
1.936417 4.744558
2.647616 4.600512
1.769618 4.808332
2.972932 4.191586
2.224803 5.583755
2.367593 5.270542
2.243141 5.159656
3.508485 5.315836
1.247187 4.853393
1.969416 5.516009
2.460181 5.043021
1.843140 4.803216
3.012082 3.805372
3.150420 4.857567
1.865630 6.072039
3.331844 5.122695
1.693048 4.897818
1.797853 6.142219
2.062441 4.621786
2.280973 5.215850
2.657606 5.200429
2.863478 5.608923
3.000000 5.000000
1.473666 6.265810
1.545083 4.688412
2.092142 5.251921
1.000000 4.000000
1.000000 4.000000
2.202723 5.259117
2.780556 4.788037
2.500775 4.664197
2.594560 4.731938
2.886746 5.067327
2.070899 5.446245
2.045779 4.258267
3.641983 5.216000
1.887731 5.157110
2.972911 4.445942
1.863292 4.187282
2.423982 4.789343
1.172283 4.032692
4.000000 5.000000
2.441407 4.535782
2.230237 4.467456
3.280725 4.877571

3.870023 8.214418
3.212225 7.580798
2.014328 4.275731
2.062340 4.837577
2.504365 6.247039
2.096148 5.182650
2.532728 5.375674
2.302994 5.603071
1.510594 7.703363
2.852859 8.356285
2.477977 5.904069
2.256966 5.254313
2.190908 4.884570
2.061491 5.038902
2.473366 5.887483
3.048263 4.580913
2.159464 5.427936
1.654727 6.133439
3.295304 6.582975
2.702741 7.017818
2.854987 5.489661
2.527161 5.238348
2.185692 4.962212
2.156056 5.748216
1.839190 4.815030
1.390514 3.804290
3.216815 6.536549
2.876315 6.328803
2.297918 5.126353
2.260681 4.980432
2.599596 7.085412
2.443320 5.463719
2.174101 4.546901
1.976205 4.239539
2.426671 5.369220
2.063881 4.688275
1.891576 5.323974
2.876355 7.289285
2.361957 4.735093
2.598113 5.469332
3.194181 5.980779
2.473101 5.316845
1.717757 7.183876
2.034534 4.818415
1.831306 4.171958
1.945775 5.479195
2.619156 5.225040
2.413751 5.093959
2.711842 5.538009
2.559703 5.112016
2.961225 5.124897
1.867778 5.582016
2.309066 4.793095
2.221680 5.832412
2.185360 4.577771
1.942137 5.810972
2.536065 5.482269
2.443821 4.687188
2.056214 4.899983
1.774493 5.649213
2.312149 5.549490
2.286877 5.890774
1.934007 5.298861
2.176022 5.372721
2.112574 4.380806
1.840176 4.507298
3.451462 5.374391
2.312143 4.352887
1.774976 5.134773
2.649871 4.483652
1.718556 5.557479
2.481885 5.561867
2.001693 6.052708
1.642622 5.132393
1.143719 5.005819
1.936417 4.744558
2.647616 4.600512
1.769618 4.808332
2.972932 4.191586
2.224803 5.583755
2.367593 5.270542
2.243141 5.159656
3.508485 5.315836
1.247187 4.853393
1.969416 5.516009
2.460181 5.043021
1.843140 4.803216
3.012082 3.805372
3.150420 4.857567
1.865630 6.072039
3.331844 5.122695
1.693048 4.897818
1.797853 6.142219
2.062441 4.621786
2.280973 5.215850
2.657606 5.200429
2.863478 5.608923
3.000000 5.000000
1.473666 6.265810
1.545083 4.688412

3.870023 8.214418
1.730239 4.292986
2.702741 7.017818
2.356244 6.552469
1.390514 3.804290
1.783860 4.680826
2.096148 5.182650
2.087912 5.298861
2.062340 4.837577
1.957598 5.078069
2.014328 4.275731
1.858297 4.874925
2.852859 8.356285
2.753260 7.485470
3.212225 7.580798
2.672086 6.140426
2.876355 7.289285
2.178500 6.998822
2.504365 6.247039
2.563326 5.921880
2.527161 5.238348
2.864898 5.912414
2.532728 5.375674
2.850202 5.184886
1.510594 7.703363
2.121244 7.441479
2.598113 5.469332
2.494388 5.704188
2.477977 5.904069
2.249996 5.668915
2.302994 5.603071
2.171406 5.153486
2.190908 4.884570
2.951692 6.371616
2.473366 5.887483
2.727036 6.162879
2.159464 5.427936
2.438963 5.580478
3.295304 6.582975
3.292491 7.327376
2.854987 5.489661
2.185692 4.962212
1.654727 6.133439
1.839190 4.815030
3.216815 6.536549
2.297918 5.126353
2.599596 7.085412
2.174101 4.546901
2.260681 4.980432
2.426671 5.369220
2.876315 6.328803
2.063881 4.688275
2.256966 5.254313
1.891576 5.323974
1.976205 4.239539
2.061491 5.038902
2.156056 5.748216
2.361957 4.735093
3.194181 5.980779
2.473101 5.316845
2.443320 5.463719
1.717757 7.183876
2.034534 4.818415
1.831306 4.171958
1.945775 5.479195
2.619156 5.225040
2.413751 5.093959
2.711842 5.538009
2.559703 5.112016
2.961225 5.124897
1.867778 5.582016
2.309066 4.793095
2.221680 5.832412
2.185360 4.577771
1.942137 5.810972
2.536065 5.482269
2.443821 4.687188
2.056214 4.899983
1.774493 5.649213
2.312149 5.549490
2.286877 5.890774
1.934007 5.298861
2.176022 5.372721
2.112574 4.380806
1.840176 4.507298
3.451462 5.374391
2.312143 4.352887
1.774976 5.134773
2.649871 4.483652
1.718556 5.557479
2.481885 5.561867
2.001693 6.052708
1.642622 5.132393
1.143719 5.005819
1.936417 4.744558
2.647616 4.600512
1.769618 4.808332
2.972932 4.191586
2.224803 5.583755
2.367593 5.270542

3.292491 7.327376
2.641284 5.581988
2.951692 6.371616
2.905745 6.540206
1.858297 4.874925
2.151184 4.922783
3.870023 8.214418
3.131030 6.922642
2.702741 7.017818
2.863054 7.143346
2.356244 6.552469
2.766648 7.578646
1.390514 3.804290
1.690520 5.261664
2.096148 5.182650
2.056116 5.284233
2.062340 4.837577
2.038947 4.986007
2.864898 5.912414
3.156784 7.393462
2.014328 4.275731
2.068698 4.675871
1.730239 4.292986
0.854056 2.789843
2.852859 8.356285
2.582455 6.408322
2.494388 5.704188
2.504498 5.655204
3.212225 7.580798
3.076801 6.924152
2.753260 7.485470
2.309667 6.075626
2.876355 7.289285
3.120380 8.246387
2.504365 6.247039
2.280663 6.170103
2.527161 5.238348
2.939923 6.667132
2.532728 5.375674
2.277597 6.145074
1.510594 7.703363
2.087912 5.298861
1.957598 5.078069
2.563326 5.921880
1.783860 4.680826
2.727036 6.162879
2.598113 5.469332
2.477977 5.904069
2.850202 5.184886
2.302994 5.603071
2.672086 6.140426
2.249996 5.668915
2.121244 7.441479
2.190908 4.884570
2.473366 5.887483
2.159464 5.427936
3.295304 6.582975
2.854987 5.489661
2.185692 4.962212
1.654727 6.133439
1.839190 4.815030
2.178500 6.998822
3.216815 6.536549
2.297918 5.126353
2.438963 5.580478
2.599596 7.085412
2.174101 4.546901
2.260681 4.980432
2.426671 5.369220
2.876315 6.328803
2.063881 4.688275
2.256966 5.254313
2.171406 5.153486
1.891576 5.323974
1.976205 4.239539
2.061491 5.038902
2.156056 5.748216
2.361957 4.735093
3.194181 5.980779
2.473101 5.316845
2.443320 5.463719
1.717757 7.183876
2.034534 4.818415
1.831306 4.171958
1.945775 5.479195
2.619156 5.225040
2.413751 5.093959
2.711842 5.538009
2.559703 5.112016
2.961225 5.124897
1.867778 5.582016
2.309066 4.793095
2.221680 5.832412
2.185360 4.577771
1.942137 5.810972
2.536065 5.482269
2.443821 4.687188
2.056214 4.899983
1.774493 5.649213
2.312149 5.549490

3.292491 7.327376
3.192806 7.795662
2.951692 6.371616
2.379701 5.583245
2.641284 5.581988
3.122593 6.903931
2.151184 4.922783
2.778131 5.686787
3.156784 7.393462
3.822163 7.427232
2.277597 6.145074
2.385549 6.468097
2.068698 4.675871
2.546189 4.656288
2.056116 5.284233
2.399410 6.009050
1.690520 5.261664
1.917053 5.644403
1.858297 4.874925
1.208361 4.743785
2.863054 7.143346
2.220327 5.584896
3.870023 8.214418
3.184630 7.591527
2.504498 5.655204
2.149780 8.439364
2.702741 7.017818
2.492312 6.711861
2.356244 6.552469
2.681928 6.785614
3.131030 6.922642
2.293337 5.532964
1.390514 3.804290
2.570283 5.832005
2.096148 5.182650
2.250068 4.656420
2.062340 4.837577
2.379716 6.384509
2.864898 5.912414
2.944262 6.921650
2.014328 4.275731
1.730239 4.292986
2.766648 7.578646
2.905745 6.540206
2.852859 8.356285
2.494388 5.704188
2.939923 6.667132
3.212225 7.580798
2.753260 7.485470
2.876355 7.289285
3.120380 8.246387
2.504365 6.247039
2.527161 5.238348
2.280663 6.170103
2.532728 5.375674
1.510594 7.703363
2.038947 4.986007
2.087912 5.298861
2.582455 6.408322
1.957598 5.078069
2.563326 5.921880
2.309667 6.075626
1.783860 4.680826
2.727036 6.162879
2.598113 5.469332
2.477977 5.904069
2.850202 5.184886
3.076801 6.924152
2.302994 5.603071
2.672086 6.140426
2.249996 5.668915
2.121244 7.441479
2.190908 4.884570
2.473366 5.887483
2.159464 5.427936
3.295304 6.582975
2.854987 5.489661
2.185692 4.962212
1.654727 6.133439
1.839190 4.815030
2.178500 6.998822
3.216815 6.536549
2.297918 5.126353
2.438963 5.580478
2.599596 7.085412
2.174101 4.546901
2.260681 4.980432
0.854056 2.789843
2.426671 5.369220
2.876315 6.328803
2.063881 4.688275
2.256966 5.254313
2.171406 5.153486
1.891576 5.323974
1.976205 4.239539
2.061491 5.038902
2.156056 5.748216
2.361957 4.735093
3.194181 5.980779
2.473101 5.316845

3.292491 7.327376
3.273243 8.048360
3.822163 7.427232
2.876978 6.627456
2.951692 6.371616
2.366831 6.409804
2.149780 8.439364
2.270563 6.226479
3.122593 6.903931
2.795256 6.400146
2.778131 5.686787
2.845136 6.188351
3.192806 7.795662
2.650191 9.972282
2.944262 6.921650
2.975130 5.982526
2.379701 5.583245
2.552076 6.754311
2.641284 5.581988
2.158763 6.812883
2.399410 6.009050
2.652932 7.006991
2.385549 6.468097
2.289105 5.383865
2.220327 5.584896
2.170536 6.235499
2.151184 4.922783
2.293974 5.525906
3.156784 7.393462
2.960310 6.730195
1.917053 5.644403
2.052758 5.074554
2.277597 6.145074
2.046672 6.399637
2.546189 4.656288
2.712585 5.607090
2.068698 4.675871
1.867865 4.535281
2.056116 5.284233
2.902508 6.870206
1.690520 5.261664
3.184630 7.591527
1.858297 4.874925
2.293337 5.532964
2.681928 6.785614
2.379716 6.384509
2.863054 7.143346
3.870023 8.214418
2.570283 5.832005
2.504498 5.655204
2.702741 7.017818
2.356244 6.552469
3.131030 6.922642
1.390514 3.804290
2.096148 5.182650
2.062340 4.837577
2.864898 5.912414
2.014328 4.275731
1.730239 4.292986
2.766648 7.578646
2.905745 6.540206
2.852859 8.356285
2.494388 5.704188
2.939923 6.667132
3.212225 7.580798
2.753260 7.485470
2.876355 7.289285
3.120380 8.246387
2.504365 6.247039
2.492312 6.711861
2.250068 4.656420
2.527161 5.238348
2.280663 6.170103
2.532728 5.375674
1.510594 7.703363
2.038947 4.986007
2.087912 5.298861
2.582455 6.408322
1.957598 5.078069
2.563326 5.921880
2.309667 6.075626
1.783860 4.680826
2.727036 6.162879
2.598113 5.469332
2.477977 5.904069
2.850202 5.184886
3.076801 6.924152
2.302994 5.603071
2.672086 6.140426
2.249996 5.668915
2.121244 7.441479
2.190908 4.884570
2.473366 5.887483
2.159464 5.427936
3.295304 6.582975
2.854987 5.489661
2.185692 4.962212
1.654727 6.133439
1.839190 4.815030
2.178500 6.998822

3.292491 7.327376
2.094704 6.584771
3.822163 7.427232
3.160211 6.973971
2.902508 6.870206
2.636325 6.782571
2.951692 6.371616
2.678507 5.537004
2.149780 8.439364
2.372010 7.177847
3.122593 6.903931
3.254863 7.430452
2.778131 5.686787
2.636635 6.037536
2.652932 7.006991
3.294090 7.848719
2.552076 6.754311
2.307004 6.326317
2.293974 5.525906
2.334269 5.499350
3.192806 7.795662
2.682235 6.990394
3.273243 8.048360
2.912524 6.828120
2.975130 5.982526
3.147018 6.148788
2.944262 6.921650
3.410962 7.005655
2.876978 6.627456
2.582331 3.690901
2.158763 6.812883
2.182640 7.032824
2.379701 5.583245
2.400207 6.454494
2.641284 5.581988
2.686413 6.185138
2.270563 6.226479
2.845514 6.667661
2.960310 6.730195
3.260573 4.127424
2.845136 6.188351
2.046672 6.399637
2.289105 5.383865
2.795256 6.400146
2.712585 5.607090
2.170536 6.235499
2.399410 6.009050
2.385549 6.468097
2.220327 5.584896
2.151184 4.922783
3.156784 7.393462
1.917053 5.644403
2.052758 5.074554
2.277597 6.145074
2.546189 4.656288
2.068698 4.675871
2.056116 5.284233
1.690520 5.261664
3.184630 7.591527
1.858297 4.874925
2.293337 5.532964
2.681928 6.785614
2.379716 6.384509
2.863054 7.143346
3.870023 8.214418
2.570283 5.832005
2.504498 5.655204
2.702741 7.017818
2.356244 6.552469
3.131030 6.922642
1.867865 4.535281
1.390514 3.804290
2.096148 5.182650
2.062340 4.837577
2.864898 5.912414
2.014328 4.275731
1.730239 4.292986
2.766648 7.578646
2.905745 6.540206
2.852859 8.356285
2.494388 5.704188
2.939923 6.667132
3.212225 7.580798
2.753260 7.485470
2.876355 7.289285
3.120380 8.246387
2.504365 6.247039
2.492312 6.711861
2.250068 4.656420
2.527161 5.238348
2.280663 6.170103
2.532728 5.375674
1.510594 7.703363
2.038947 4.986007
2.087912 5.298861
2.582455 6.408322
1.957598 5.078069
2.366831 6.409804
2.563326 5.921880
2.309667 6.075626

3.292491 7.327376
3.236399 6.965198
3.822163 7.427232
3.113652 7.190870
3.294090 7.848719
2.901842 7.607151
3.254863 7.430452
1.582620 8.876221
2.636635 6.037536
2.704124 6.841432
2.682235 6.990394
3.068520 7.255245
2.902508 6.870206
2.970138 6.832625
3.160211 6.973971
2.841835 6.786185
2.951692 6.371616
2.789946 6.496521
2.149780 8.439364
1.755300 5.246302
3.122593 6.903931
3.127856 6.333700
2.400207 6.454494
2.774439 6.920084
2.845514 6.667661
3.043298 7.074073
2.678507 5.537004
2.993789 6.640500
2.334269 5.499350
3.021699 3.694631
3.147018 6.148788
3.323844 7.316496
2.778131 5.686787
3.028094 6.140730
2.652932 7.006991
3.221365 6.621209
2.552076 6.754311
2.744457 6.639509
2.293974 5.525906
2.751136 6.251158
3.192806 7.795662
3.273243 8.048360
2.975130 5.982526
2.636325 6.782571
2.944262 6.921650
2.686413 6.185138
2.876978 6.627456
2.158763 6.812883
2.307004 6.326317
2.372010 7.177847
3.410962 7.005655
2.379701 5.583245
2.912524 6.828120
2.641284 5.581988
2.270563 6.226479
2.182640 7.032824
2.094704 6.584771
2.960310 6.730195
2.845136 6.188351
2.046672 6.399637
2.289105 5.383865
2.795256 6.400146
2.712585 5.607090
2.170536 6.235499
2.399410 6.009050
2.385549 6.468097
2.220327 5.584896
2.151184 4.922783
3.156784 7.393462
1.917053 5.644403
2.052758 5.074554
2.277597 6.145074
2.546189 4.656288
2.068698 4.675871
2.056116 5.284233
1.690520 5.261664
3.184630 7.591527
1.858297 4.874925
2.293337 5.532964
2.681928 6.785614
2.379716 6.384509
2.863054 7.143346
3.870023 8.214418
2.570283 5.832005
2.504498 5.655204
2.702741 7.017818
2.356244 6.552469
3.131030 6.922642
1.867865 4.535281
1.390514 3.804290
2.096148 5.182650
2.062340 4.837577
2.864898 5.912414
2.014328 4.275731
1.730239 4.292986
2.766648 7.578646
2.905745 6.540206
2.852859 8.356285
2.494388 5.704188
2.939923 6.667132

1.582620 8.876221
2.106348 8.127170
3.292491 7.327376
2.818609 7.368811
3.822163 7.427232
3.818071 7.309744
3.236399 6.965198
3.072537 6.984125
3.068520 7.255245
2.999398 7.017466
2.993789 6.640500
3.089742 5.465573
2.704124 6.841432
2.986853 7.483664
3.294090 7.848719
3.205859 7.289110
1.755300 5.246302
2.681668 3.724468
3.254863 7.430452
3.078837 7.274191
2.970138 6.832625
3.044561 6.426405
2.636635 6.037536
2.841741 6.326216
2.682235 6.990394
2.740151 6.875437
2.902508 6.870206
3.074972 6.741879
3.221365 6.621209
3.752349 6.442287
3.160211 6.973971
3.276652 6.659270
2.774439 6.920084
2.760299 6.877228
2.951692 6.371616
2.926388 6.839459
3.113652 7.190870
2.872311 7.117728
2.149780 8.439364
3.262975 8.679562
2.841835 6.786185
2.789946 6.496521
2.901842 7.607151
3.028094 6.140730
3.122593 6.903931
2.744457 6.639509
2.400207 6.454494
2.845514 6.667661
2.678507 5.537004
3.043298 7.074073
2.334269 5.499350
3.147018 6.148788
2.778131 5.686787
2.652932 7.006991
2.552076 6.754311
2.751136 6.251158
2.293974 5.525906
3.192806 7.795662
3.323844 7.316496
3.127856 6.333700
3.273243 8.048360
2.975130 5.982526
2.636325 6.782571
2.944262 6.921650
2.686413 6.185138
2.876978 6.627456
2.158763 6.812883
2.307004 6.326317
2.372010 7.177847
3.410962 7.005655
2.379701 5.583245
2.912524 6.828120
2.641284 5.581988
2.270563 6.226479
2.182640 7.032824
2.094704 6.584771
2.960310 6.730195
2.845136 6.188351
2.046672 6.399637
2.289105 5.383865
2.795256 6.400146
2.712585 5.607090
2.170536 6.235499
2.399410 6.009050
2.385549 6.468097
2.220327 5.584896
2.151184 4.922783
3.156784 7.393462
1.917053 5.644403
2.052758 5.074554
2.277597 6.145074
2.546189 4.656288
2.068698 4.675871
2.056116 5.284233
1.690520 5.261664
3.184630 7.591527
1.858297 4.874925
2.293337 5.532964
2.681928 6.785614
2.379716 6.384509

1.582620 8.876221
2.458046 7.549821
2.106348 8.127170
2.880596 7.546151
3.752349 6.442287
3.661774 7.266718
3.292491 7.327376
3.276130 7.158397
3.822163 7.427232
2.323739 9.771917
3.072537 6.984125
2.982364 6.287706
3.236399 6.965198
4.477498 5.633041
3.262975 8.679562
3.164928 7.404929
3.068520 7.255245
2.931827 6.220143
2.993789 6.640500
2.729281 3.927868
2.818609 7.368811
2.985853 6.688120
2.704124 6.841432
3.752666 3.999219
3.294090 7.848719
2.615040 7.519039
1.755300 5.246302
1.434657 5.062947
2.841741 6.326216
2.794224 6.967408
2.999398 7.017466
3.218024 6.625970
3.254863 7.430452
3.148441 7.407618
2.970138 6.832625
3.023490 7.468540
3.818071 7.309744
3.531293 7.313644
2.986853 7.483664
2.640248 6.665107
3.074972 6.741879
2.636635 6.037536
2.682235 6.990394
3.205859 7.289110
2.926388 6.839459
3.089742 5.465573
3.078837 7.274191
2.902508 6.870206
3.221365 6.621209
3.160211 6.973971
2.774439 6.920084
2.951692 6.371616
3.113652 7.190870
2.740151 6.875437
3.276652 6.659270
2.149780 8.439364
2.841835 6.786185
2.789946 6.496521
2.901842 7.607151
2.872311 7.117728
3.028094 6.140730
3.122593 6.903931
2.744457 6.639509
2.400207 6.454494
2.845514 6.667661
2.678507 5.537004
3.043298 7.074073
2.334269 5.499350
3.147018 6.148788
2.778131 5.686787
2.652932 7.006991
2.552076 6.754311
2.751136 6.251158
2.293974 5.525906
2.760299 6.877228
3.192806 7.795662
3.323844 7.316496
3.127856 6.333700
3.273243 8.048360
3.044561 6.426405
2.975130 5.982526
2.636325 6.782571
2.944262 6.921650
2.686413 6.185138
2.876978 6.627456
2.158763 6.812883
2.307004 6.326317
2.372010 7.177847
3.410962 7.005655
2.379701 5.583245
2.912524 6.828120
2.641284 5.581988
2.270563 6.226479
2.182640 7.032824
2.094704 6.584771
2.960310 6.730195
2.845136 6.188351
2.046672 6.399637
2.289105 5.383865
2.795256 6.400146

1.434657 5.062947
1.744685 7.552745
2.729281 3.927868
2.676729 5.583038
2.931827 6.220143
3.544792 5.763938
2.323739 9.771917
4.420692 6.728100
1.582620 8.876221
2.463623 8.056086
2.458046 7.549821
3.577306 9.811946
2.106348 8.127170
2.660920 8.537616
3.661774 7.266718
4.475105 5.937245
2.880596 7.546151
3.093194 6.729321
3.531293 7.313644
2.987512 5.148144
3.218024 6.625970
2.489075 6.097414
3.752349 6.442287
3.145816 7.344491
3.292491 7.327376
2.832588 6.986154
4.477498 5.633041
3.008635 5.215289
3.822163 7.427232
3.298315 7.505715
2.985853 6.688120
2.788415 7.437379
3.072537 6.984125
3.329077 7.550607
3.236399 6.965198
2.489464 6.836229
3.164928 7.404929
2.889073 6.501144
3.262975 8.679562
4.234486 7.298636
3.068520 7.255245
2.993789 6.640500
2.818609 7.368811
3.148441 7.407618
2.615040 7.519039
2.704124 6.841432
2.640248 6.665107
3.276130 7.158397
3.294090 7.848719
1.755300 5.246302
2.841741 6.326216
2.999398 7.017466
3.254863 7.430452
2.970138 6.832625
3.818071 7.309744
2.986853 7.483664
2.982364 6.287706
3.023490 7.468540
3.074972 6.741879
2.636635 6.037536
2.682235 6.990394
3.205859 7.289110
2.926388 6.839459
3.089742 5.465573
2.794224 6.967408
3.078837 7.274191
2.902508 6.870206
3.221365 6.621209
3.160211 6.973971
2.774439 6.920084
2.951692 6.371616
3.113652 7.190870
2.740151 6.875437
3.276652 6.659270
2.149780 8.439364
2.841835 6.786185
2.789946 6.496521
2.901842 7.607151
2.872311 7.117728
3.028094 6.140730
3.122593 6.903931
2.744457 6.639509
2.400207 6.454494
2.845514 6.667661
2.678507 5.537004
3.043298 7.074073
2.334269 5.499350
3.147018 6.148788
2.778131 5.686787
2.652932 7.006991
2.552076 6.754311
2.751136 6.251158
2.293974 5.525906
2.760299 6.877228
3.192806 7.795662
3.323844 7.316496
3.127856 6.333700
3.273243 8.048360
3.044561 6.426405
2.975130 5.982526

1.744685 7.552745
2.141278 6.851064
4.420692 6.728100
3.405066 5.160852
3.577306 9.811946
4.384445 7.792142
2.660920 8.537616
3.814349 7.051854
1.434657 5.062947
3.555435 7.382946
2.729281 3.927868
2.952768 7.060985
2.931827 6.220143
2.496930 8.687432
2.489075 6.097414
1.906525 6.934800
2.323739 9.771917
2.480047 7.806357
1.582620 8.876221
1.917887 11.984581
2.458046 7.549821
3.487151 6.752514
2.987512 5.148144
2.081054 2.459995
2.463623 8.056086
2.233460 8.155145
2.788415 7.437379
3.161162 7.374535
2.106348 8.127170
2.214602 8.592744
3.661774 7.266718
2.523539 8.777252
2.676729 5.583038
1.281358 10.515801
2.832588 6.986154
3.314606 8.860200
3.145816 7.344491
3.867881 8.849481
4.475105 5.937245
3.789131 7.215828
2.880596 7.546151
3.544792 5.763938
3.093194 6.729321
3.531293 7.313644
3.218024 6.625970
3.752349 6.442287
3.298315 7.505715
3.292491 7.327376
4.477498 5.633041
3.329077 7.550607
3.822163 7.427232
2.985853 6.688120
3.072537 6.984125
3.236399 6.965198
3.164928 7.404929
2.889073 6.501144
3.262975 8.679562
4.234486 7.298636
3.068520 7.255245
2.993789 6.640500
2.818609 7.368811
2.489464 6.836229
3.148441 7.407618
2.615040 7.519039
2.704124 6.841432
2.640248 6.665107
3.276130 7.158397
3.294090 7.848719
1.755300 5.246302
2.841741 6.326216
2.999398 7.017466
3.254863 7.430452
2.970138 6.832625
3.818071 7.309744
2.986853 7.483664
2.982364 6.287706
3.023490 7.468540
3.074972 6.741879
2.636635 6.037536
2.682235 6.990394
3.205859 7.289110
2.926388 6.839459
3.089742 5.465573
2.794224 6.967408
3.078837 7.274191
2.902508 6.870206
3.221365 6.621209
3.160211 6.973971
2.774439 6.920084
2.951692 6.371616
3.113652 7.190870
2.740151 6.875437
3.276652 6.659270
2.149780 8.439364
2.841835 6.786185
2.789946 6.496521
2.901842 7.607151
2.872311 7.117728
3.028094 6.140730
3.122593 6.903931

1.917887 11.984581
1.770724 8.351241
3.555435 7.382946
2.344726 6.129195
1.744685 7.552745
1.553758 6.164966
4.420692 6.728100
3.745894 7.778083
1.906525 6.934800
1.606024 5.729989
3.405066 5.160852
3.531116 5.638445
2.141278 6.851064
2.624461 5.966661
3.814349 7.051854
2.943971 8.422779
3.577306 9.811946
2.676162 11.272146
2.952768 7.060985
3.218727 7.322480
3.867881 8.849481
2.984486 7.889169
2.660920 8.537616
3.720244 7.636910
4.384445 7.792142
3.926245 8.077897
2.523539 8.777252
2.257021 8.280129
2.480047 7.806357
2.732273 6.499660
1.434657 5.062947
1.524474 5.535424
2.729281 3.927868
3.144758 7.368943
3.789131 7.215828
4.285464 8.183010
2.931827 6.220143
3.626653 6.831355
2.496930 8.687432
3.669863 8.466843
2.489075 6.097414
2.323739 9.771917
1.582620 8.876221
2.233460 8.155145
2.214602 8.592744
2.458046 7.549821
2.987512 5.148144
2.463623 8.056086
2.788415 7.437379
2.106348 8.127170
3.661774 7.266718
2.676729 5.583038
2.832588 6.986154
3.145816 7.344491
4.475105 5.937245
2.880596 7.546151
3.544792 5.763938
3.487151 6.752514
3.093194 6.729321
3.531293 7.313644
3.218024 6.625970
3.752349 6.442287
3.298315 7.505715
3.292491 7.327376
4.477498 5.633041
3.329077 7.550607
3.161162 7.374535
3.822163 7.427232
2.985853 6.688120
3.072537 6.984125
3.236399 6.965198
3.164928 7.404929
2.889073 6.501144
3.262975 8.679562
4.234486 7.298636
3.068520 7.255245
2.993789 6.640500
2.818609 7.368811
2.489464 6.836229
3.148441 7.407618
2.615040 7.519039
2.704124 6.841432
2.640248 6.665107
3.276130 7.158397
3.294090 7.848719
1.755300 5.246302
2.841741 6.326216
2.999398 7.017466
3.254863 7.430452
2.970138 6.832625
3.818071 7.309744
2.986853 7.483664
2.982364 6.287706
3.023490 7.468540
3.074972 6.741879
2.636635 6.037536
2.682235 6.990394
3.205859 7.289110
2.926388 6.839459
3.089742 5.465573

3.144758 7.368943
3.370188 7.004786
2.732273 6.499660
3.310126 6.825345
1.917887 11.984581
2.452251 9.169785
3.555435 7.382946
3.589322 6.820524
1.744685 7.552745
1.752444 7.442381
2.676162 11.272146
3.605048 9.292653
1.770724 8.351241
1.393522 6.246889
4.420692 6.728100
3.597040 6.390450
2.344726 6.129195
3.675464 6.775688
1.906525 6.934800
1.988688 7.311443
1.553758 6.164966
2.587211 6.715371
3.405066 5.160852
2.594238 4.576487
3.218727 7.322480
3.133936 7.993004
2.984486 7.889169
4.777807 9.216598
2.141278 6.851064
2.610960 7.647604
2.257021 8.280129
2.389955 7.100290
3.720244 7.636910
3.040749 8.782971
3.814349 7.051854
2.962080 8.520368
3.577306 9.811946
3.352228 9.415226
2.952768 7.060985
2.627906 5.878697
3.867881 8.849481
3.926245 8.077897
2.624461 5.966661
2.660920 8.537616
2.943971 8.422779
3.745894 7.778083
4.384445 7.792142
3.669863 8.466843
1.606024 5.729989
2.523539 8.777252
2.480047 7.806357
4.285464 8.183010
1.434657 5.062947
2.729281 3.927868
1.524474 5.535424
3.789131 7.215828
2.931827 6.220143
3.531116 5.638445
2.496930 8.687432
2.489075 6.097414
2.323739 9.771917
1.582620 8.876221
2.233460 8.155145
3.626653 6.831355
2.214602 8.592744
2.458046 7.549821
2.987512 5.148144
2.463623 8.056086
2.788415 7.437379
2.106348 8.127170
3.661774 7.266718
2.676729 5.583038
2.832588 6.986154
3.145816 7.344491
4.475105 5.937245
2.880596 7.546151
3.544792 5.763938
3.487151 6.752514
3.093194 6.729321
3.531293 7.313644
3.218024 6.625970
3.752349 6.442287
3.298315 7.505715
3.292491 7.327376
4.477498 5.633041
3.329077 7.550607
3.161162 7.374535
3.822163 7.427232
2.985853 6.688120
3.072537 6.984125
3.236399 6.965198
3.164928 7.404929
2.889073 6.501144
3.262975 8.679562
4.234486 7.298636
3.068520 7.255245
2.993789 6.640500
2.818609 7.368811
2.489464 6.836229
3.148441 7.407618

1.393522 6.246889
2.132268 7.387474
3.144758 7.368943
3.850333 6.027407
3.370188 7.004786
2.588273 7.555738
2.732273 6.499660
1.578205 8.768025
3.133936 7.993004
1.880825 5.856408
1.917887 11.984581
2.981333 10.260310
2.389955 7.100290
3.525002 7.030009
3.555435 7.382946
4.281837 9.767529
3.605048 9.292653
3.409587 7.810905
3.310126 6.825345
3.343050 7.827889
1.744685 7.552745
2.441136 6.787518
3.040749 8.782971
2.606345 8.155759
2.676162 11.272146
1.961491 6.458303
1.770724 8.351241
1.786217 4.620825
3.597040 6.390450
3.353026 7.456380
3.589322 6.820524
3.297182 7.566241
3.352228 9.415226
3.285295 11.267426
4.420692 6.728100
3.441564 6.408513
1.752444 7.442381
3.243390 5.084374
2.344726 6.129195
2.915046 7.384688
1.906525 6.934800
2.587211 6.715371
1.988688 7.311443
1.553758 6.164966
2.452251 9.169785
3.405066 5.160852
3.218727 7.322480
2.984486 7.889169
2.141278 6.851064
3.675464 6.775688
2.257021 8.280129
3.720244 7.636910
3.814349 7.051854
3.577306 9.811946
2.962080 8.520368
2.952768 7.060985
3.867881 8.849481
3.926245 8.077897
2.624461 5.966661
2.660920 8.537616
2.943971 8.422779
3.745894 7.778083
2.610960 7.647604
4.384445 7.792142
3.669863 8.466843
1.606024 5.729989
2.523539 8.777252
2.480047 7.806357
4.285464 8.183010
1.434657 5.062947
2.729281 3.927868
1.524474 5.535424
3.789131 7.215828
2.931827 6.220143
3.531116 5.638445
2.496930 8.687432
2.489075 6.097414
2.323739 9.771917
1.582620 8.876221
2.233460 8.155145
3.626653 6.831355
2.214602 8.592744
2.458046 7.549821
2.987512 5.148144
2.463623 8.056086
2.788415 7.437379
2.106348 8.127170
3.661774 7.266718
2.676729 5.583038
2.832588 6.986154
3.145816 7.344491
4.475105 5.937245
2.880596 7.546151
3.544792 5.763938
3.487151 6.752514
3.093194 6.729321
3.531293 7.313644
3.218024 6.625970
3.752349 6.442287
3.298315 7.505715

1.880825 5.856408
2.329141 7.305682
1.578205 8.768025
1.629033 9.788518
4.281837 9.767529
4.106953 9.678956
1.786217 4.620825
2.060956 5.418342
1.393522 6.246889
1.653820 5.089286
2.132268 7.387474
2.862489 6.959737
3.144758 7.368943
3.073092 4.750248
3.370188 7.004786
2.944465 6.988776
2.732273 6.499660
2.949805 6.537067
3.133936 7.993004
3.069039 7.021689
2.588273 7.555738
1.665346 6.682611
3.353026 7.456380
3.636099 8.090228
1.917887 11.984581
2.299391 10.088137
2.389955 7.100290
2.522597 7.010851
3.555435 7.382946
3.202916 6.811179
3.605048 9.292653
4.131005 11.100772
3.310126 6.825345
2.275318 6.025835
1.744685 7.552745
2.434665 9.572288
2.981333 10.260310
2.780690 8.639062
3.525002 7.030009
3.457847 7.617320
1.961491 6.458303
3.243390 5.084374
3.040749 8.782971
2.676162 11.272146
3.297182 7.566241
1.770724 8.351241
2.606345 8.155759
2.915046 7.384688
3.597040 6.390450
3.589322 6.820524
3.441564 6.408513
3.409587 7.810905
2.441136 6.787518
3.352228 9.415226
4.420692 6.728100
1.752444 7.442381
2.344726 6.129195
1.906525 6.934800
2.587211 6.715371
3.343050 7.827889
1.988688 7.311443
1.553758 6.164966
2.452251 9.169785
3.405066 5.160852
3.218727 7.322480
2.984486 7.889169
2.141278 6.851064
3.675464 6.775688
2.257021 8.280129
3.720244 7.636910
3.814349 7.051854
3.577306 9.811946
2.962080 8.520368
2.952768 7.060985
3.867881 8.849481
3.926245 8.077897
2.624461 5.966661
2.660920 8.537616
2.943971 8.422779
3.745894 7.778083
2.610960 7.647604
4.384445 7.792142
3.669863 8.466843
1.606024 5.729989
2.523539 8.777252
2.480047 7.806357
4.285464 8.183010
1.434657 5.062947
2.729281 3.927868
1.524474 5.535424
3.789131 7.215828
2.931827 6.220143
3.531116 5.638445
2.496930 8.687432
2.489075 6.097414
2.323739 9.771917
1.582620 8.876221
2.233460 8.155145
3.626653 6.831355
2.214602 8.592744

1.880825 5.856408
1.717563 5.796275
1.629033 9.788518
1.920567 11.390578
1.578205 8.768025
0.795859 6.549726
4.281837 9.767529
3.147573 7.040115
2.329141 7.305682
3.036357 7.192632
1.665346 6.682611
2.100619 5.744204
4.106953 9.678956
3.406279 7.558091
1.786217 4.620825
2.220029 6.055512
1.393522 6.246889
1.445955 7.460175
2.862489 6.959737
3.189419 7.063414
2.132268 7.387474
3.230238 8.951432
3.144758 7.368943
3.919174 8.942557
3.370188 7.004786
2.670110 6.506986
2.732273 6.499660
2.275030 5.839550
3.133936 7.993004
2.144834 7.852993
2.275318 6.025835
2.407154 5.636681
1.653820 5.089286
2.242288 3.536830
2.588273 7.555738
2.692118 5.835160
3.202916 6.811179
3.875380 8.726832
3.073092 4.750248
2.108717 5.923613
2.299391 10.088137
2.949805 6.537067
3.353026 7.456380
1.917887 11.984581
2.389955 7.100290
3.069039 7.021689
3.636099 8.090228
3.555435 7.382946
3.605048 9.292653
2.522597 7.010851
3.310126 6.825345
1.744685 7.552745
4.131005 11.100772
2.981333 10.260310
3.525002 7.030009
3.457847 7.617320
1.961491 6.458303
3.243390 5.084374
3.040749 8.782971
2.944465 6.988776
2.676162 11.272146
3.297182 7.566241
1.770724 8.351241
2.606345 8.155759
2.434665 9.572288
2.915046 7.384688
2.780690 8.639062
3.597040 6.390450
3.589322 6.820524
3.441564 6.408513
3.409587 7.810905
2.441136 6.787518
3.352228 9.415226
4.420692 6.728100
1.752444 7.442381
2.344726 6.129195
1.906525 6.934800
2.587211 6.715371
3.343050 7.827889
1.988688 7.311443
1.553758 6.164966
2.452251 9.169785
3.405066 5.160852
3.218727 7.322480
2.984486 7.889169
2.141278 6.851064
3.675464 6.775688
2.257021 8.280129
3.720244 7.636910
3.814349 7.051854
3.577306 9.811946
2.962080 8.520368
2.952768 7.060985
3.867881 8.849481
3.926245 8.077897
2.624461 5.966661
2.660920 8.537616
2.943971 8.422779
3.745894 7.778083
2.610960 7.647604

1.880825 5.856408
1.677389 5.270607
1.629033 9.788518
1.714080 7.610309
1.578205 8.768025
1.896269 7.514171
2.670110 6.506986
2.439166 7.485118
4.281837 9.767529
3.647106 7.724659
3.147573 7.040115
2.796207 6.580732
1.445955 7.460175
1.759643 7.673582
2.329141 7.305682
2.328867 8.186929
1.665346 6.682611
2.346771 6.460552
1.717563 5.796275
1.776164 8.657869
3.230238 8.951432
2.522068 7.932247
4.106953 9.678956
2.855930 8.380709
2.407154 5.636681
1.956098 6.895319
2.108717 5.923613
1.817474 7.985611
1.920567 11.390578
2.637315 15.595182
1.786217 4.620825
2.057064 5.285903
1.393522 6.246889
1.769237 6.166894
2.220029 6.055512
2.232366 6.705186
3.875380 8.726832
2.950860 7.333393
2.144834 7.852993
1.454225 6.765148
2.100619 5.744204
2.862489 6.959737
2.132268 7.387474
3.144758 7.368943
3.036357 7.192632
3.370188 7.004786
2.732273 6.499660
2.692118 5.835160
3.406279 7.558091
3.189419 7.063414
3.133936 7.993004
3.919174 8.942557
2.275318 6.025835
1.653820 5.089286
2.588273 7.555738
2.275030 5.839550
3.202916 6.811179
3.073092 4.750248
2.299391 10.088137
2.949805 6.537067
3.353026 7.456380
1.917887 11.984581
2.389955 7.100290
3.069039 7.021689
3.636099 8.090228
3.555435 7.382946
3.605048 9.292653
2.522597 7.010851
3.310126 6.825345
1.744685 7.552745
4.131005 11.100772
2.981333 10.260310
3.525002 7.030009
3.457847 7.617320
1.961491 6.458303
3.243390 5.084374
3.040749 8.782971
2.944465 6.988776
2.676162 11.272146
3.297182 7.566241
1.770724 8.351241
2.606345 8.155759
2.434665 9.572288
2.915046 7.384688
2.780690 8.639062
3.597040 6.390450
3.589322 6.820524
0.795859 6.549726
3.441564 6.408513
3.409587 7.810905
2.441136 6.787518
3.352228 9.415226
4.420692 6.728100
1.752444 7.442381
2.344726 6.129195
1.906525 6.934800
2.587211 6.715371
3.343050 7.827889
1.988688 7.311443
1.553758 6.164966

1.880825 5.856408
3.078653 7.434307
1.714080 7.610309
2.295417 5.769301
2.439166 7.485118
2.594403 7.516080
1.629033 9.788518
2.825720 9.005094
1.896269 7.514171
1.733692 7.591767
1.578205 8.768025
2.873888 6.757442
2.670110 6.506986
3.068332 7.772257
1.817474 7.985611
1.509129 8.835360
1.759643 7.673582
2.648692 7.310410
4.281837 9.767529
3.256114 7.809502
3.147573 7.040115
3.338511 7.134571
1.677389 5.270607
1.715112 6.723298
1.445955 7.460175
2.791514 8.314453
2.950860 7.333393
2.781479 7.563431
2.855930 8.380709
2.253195 8.375765
1.956098 6.895319
2.356147 6.913642
3.647106 7.724659
1.737687 7.499627
2.329141 7.305682
3.137233 8.967732
2.796207 6.580732
2.853237 6.649009
2.232366 6.705186
2.273342 7.674976
1.769237 6.166894
1.665346 6.682611
1.717563 5.796275
1.776164 8.657869
2.346771 6.460552
3.230238 8.951432
2.057064 5.285903
4.106953 9.678956
2.407154 5.636681
2.108717 5.923613
2.637315 15.595182
1.920567 11.390578
1.786217 4.620825
2.328867 8.186929
1.393522 6.246889
2.220029 6.055512
2.522068 7.932247
3.875380 8.726832
2.144834 7.852993
2.100619 5.744204
2.862489 6.959737
2.132268 7.387474
3.144758 7.368943
3.036357 7.192632
3.370188 7.004786
2.732273 6.499660
2.692118 5.835160
3.406279 7.558091
3.189419 7.063414
3.133936 7.993004
3.919174 8.942557
2.275318 6.025835
1.653820 5.089286
2.588273 7.555738
2.275030 5.839550
3.202916 6.811179
3.073092 4.750248
2.299391 10.088137
2.949805 6.537067
3.353026 7.456380
1.917887 11.984581
2.389955 7.100290
3.069039 7.021689
3.636099 8.090228
3.555435 7.382946
3.605048 9.292653
2.522597 7.010851
3.310126 6.825345
1.744685 7.552745
4.131005 11.100772
2.981333 10.260310
3.525002 7.030009
3.457847 7.617320
1.961491 6.458303
3.243390 5.084374
3.040749 8.782971
2.944465 6.988776
2.676162 11.272146
3.297182 7.566241
1.770724 8.351241

2.873888 6.757442
2.391890 8.456141
1.737687 7.499627
2.094121 7.147524
3.256114 7.809502
2.366174 6.558606
1.880825 5.856408
1.783880 7.438730
2.825720 9.005094
2.650570 8.169402
2.253195 8.375765
1.377385 4.129622
1.714080 7.610309
3.402399 8.973449
2.439166 7.485118
1.948345 7.412557
1.733692 7.591767
1.982183 9.699636
1.629033 9.788518
2.291117 10.163971
1.715112 6.723298
1.785170 6.623224
3.338511 7.134571
2.562934 7.728174
2.594403 7.516080
2.280142 8.140186
1.896269 7.514171
1.040082 7.002835
1.578205 8.768025
2.411053 8.945663
2.670110 6.506986
2.109022 7.812057
3.137233 8.967732
3.046043 8.781980
1.817474 7.985611
2.166173 8.472047
2.273342 7.674976
2.361533 8.802143
1.759643 7.673582
2.299686 5.804162
4.281837 9.767529
2.356147 6.913642
3.147573 7.040115
1.677389 5.270607
1.445955 7.460175
2.791514 8.314453
2.950860 7.333393
2.855930 8.380709
1.956098 6.895319
3.647106 7.724659
2.781479 7.563431
3.068332 7.772257
2.648692 7.310410
2.329141 7.305682
2.853237 6.649009
2.796207 6.580732
2.232366 6.705186
1.769237 6.166894
1.665346 6.682611
1.509129 8.835360
1.717563 5.796275
3.078653 7.434307
1.776164 8.657869
2.346771 6.460552
3.230238 8.951432
2.057064 5.285903
4.106953 9.678956
2.407154 5.636681
2.108717 5.923613
2.637315 15.595182
1.920567 11.390578
1.786217 4.620825
2.328867 8.186929
1.393522 6.246889
2.220029 6.055512
2.522068 7.932247
3.875380 8.726832
2.144834 7.852993
2.100619 5.744204
2.862489 6.959737
2.132268 7.387474
3.144758 7.368943
3.036357 7.192632
3.370188 7.004786
2.732273 6.499660
2.692118 5.835160
3.406279 7.558091
3.189419 7.063414
3.133936 7.993004
3.919174 8.942557
2.275318 6.025835
1.653820 5.089286
2.588273 7.555738
2.275030 5.839550
3.202916 6.811179
3.073092 4.750248
2.299391 10.088137
2.949805 6.537067
3.353026 7.456380
1.917887 11.984581

2.873888 6.757442
2.573653 8.718934
2.094121 7.147524
1.925179 7.098656
2.391890 8.456141
2.404933 7.636387
1.982183 9.699636
1.688481 8.456218
3.402399 8.973449
3.293542 8.182897
1.737687 7.499627
2.985873 3.602153
2.411053 8.945663
1.296766 5.731816
3.256114 7.809502
2.974598 7.535293
3.046043 8.781980
2.524191 7.774490
2.166173 8.472047
2.175524 8.879496
1.880825 5.856408
2.755549 7.109564
2.291117 10.163971
2.003270 8.558873
2.299686 5.804162
2.609851 6.930687
2.825720 9.005094
2.145389 7.453567
2.562934 7.728174
1.819281 6.766361
1.783880 7.438730
1.799909 7.937532
2.109022 7.812057
2.079074 8.830780
2.253195 8.375765
2.660102 6.912533
2.650570 8.169402
2.603264 9.244372
1.714080 7.610309
2.084708 7.657671
2.439166 7.485118
2.280142 8.140186
1.733692 7.591767
1.629033 9.788518
1.715112 6.723298
3.338511 7.134571
2.594403 7.516080
1.896269 7.514171
1.578205 8.768025
2.670110 6.506986
3.137233 8.967732
1.817474 7.985611
2.273342 7.674976
1.759643 7.673582
2.366174 6.558606
4.281837 9.767529
2.356147 6.913642
3.147573 7.040115
1.677389 5.270607
1.445955 7.460175
2.791514 8.314453
2.361533 8.802143
2.950860 7.333393
1.785170 6.623224
2.855930 8.380709
1.956098 6.895319
3.647106 7.724659
1.948345 7.412557
2.781479 7.563431
3.068332 7.772257
2.648692 7.310410
2.329141 7.305682
2.853237 6.649009
2.796207 6.580732
2.232366 6.705186
1.769237 6.166894
1.665346 6.682611
1.509129 8.835360
1.717563 5.796275
3.078653 7.434307
1.776164 8.657869
2.346771 6.460552
3.230238 8.951432
2.057064 5.285903
1.040082 7.002835
4.106953 9.678956
2.407154 5.636681
2.108717 5.923613
1.377385 4.129622
2.637315 15.595182
1.920567 11.390578
1.786217 4.620825
2.328867 8.186929
1.393522 6.246889
2.220029 6.055512
2.522068 7.932247
3.875380 8.726832
2.144834 7.852993
2.100619 5.744204
2.862489 6.959737

2.873888 6.757442
2.577385 6.990833
2.985873 3.602153
2.946567 4.842353
2.094121 7.147524
2.909043 7.867347
1.925179 7.098656
2.562351 7.582857
2.404933 7.636387
2.782917 6.735253
1.799909 7.937532
1.729122 5.879985
2.175524 8.879496
1.947279 9.523303
2.974598 7.535293
2.393772 8.681093
2.573653 8.718934
2.387850 8.175266
2.391890 8.456141
2.871364 7.006220
3.293542 8.182897
2.616913 8.769389
1.982183 9.699636
2.337721 9.311791
3.402399 8.973449
3.302353 8.076477
2.003270 8.558873
1.964299 9.313750
1.688481 8.456218
1.777431 8.815350
2.609851 6.930687
2.502169 7.195671
1.737687 7.499627
2.035587 7.652657
2.660102 6.912533
2.350805 10.087831
2.411053 8.945663
2.155488 5.555630
2.755549 7.109564
2.410762 8.454485
3.256114 7.809502
3.046043 8.781980
2.166173 8.472047
1.880825 5.856408
2.291117 10.163971
2.299686 5.804162
2.825720 9.005094
2.524191 7.774490
2.603264 9.244372
2.562934 7.728174
1.783880 7.438730
2.084708 7.657671
2.109022 7.812057
2.253195 8.375765
2.650570 8.169402
1.714080 7.610309
2.439166 7.485118
2.280142 8.140186
1.733692 7.591767
1.629033 9.788518
1.715112 6.723298
3.338511 7.134571
2.594403 7.516080
1.896269 7.514171
1.578205 8.768025
2.079074 8.830780
2.670110 6.506986
3.137233 8.967732
1.817474 7.985611
2.273342 7.674976
2.145389 7.453567
1.759643 7.673582
2.366174 6.558606
4.281837 9.767529
2.356147 6.913642
3.147573 7.040115
1.677389 5.270607
1.445955 7.460175
2.791514 8.314453
2.361533 8.802143
2.950860 7.333393
1.785170 6.623224
2.855930 8.380709
1.296766 5.731816
1.956098 6.895319
3.647106 7.724659
1.948345 7.412557
2.781479 7.563431
3.068332 7.772257
2.648692 7.310410
2.329141 7.305682
2.853237 6.649009
2.796207 6.580732
2.232366 6.705186
1.769237 6.166894
1.665346 6.682611
1.509129 8.835360
1.717563 5.796275
3.078653 7.434307
1.776164 8.657869

2.350805 10.087831
2.443338 10.251529
2.909043 7.867347
2.764848 8.534155
2.155488 5.555630
2.545156 6.100249
2.873888 6.757442
2.223654 7.237924
2.985873 3.602153
2.780956 4.102225
2.094121 7.147524
2.366576 6.558424
2.577385 6.990833
2.434948 7.623178
1.925179 7.098656
1.321239 3.328874
2.562351 7.582857
2.774248 11.361253
2.404933 7.636387
2.488713 6.111787
1.964299 9.313750
1.706678 12.591437
1.799909 7.937532
1.916227 8.829580
2.175524 8.879496
2.823557 7.523442
2.871364 7.006220
3.919598 7.854449
2.974598 7.535293
2.872698 8.436807
2.573653 8.718934
2.812972 8.497412
2.391890 8.456141
2.589806 6.328323
2.393772 8.681093
2.383221 7.537410
2.946567 4.842353
2.465822 6.971798
2.035587 7.652657
2.500931 6.430369
2.782917 6.735253
3.293542 8.182897
1.982183 9.699636
3.402399 8.973449
2.410762 8.454485
2.003270 8.558873
2.387850 8.175266
1.688481 8.456218
2.609851 6.930687
1.737687 7.499627
2.660102 6.912533
2.616913 8.769389
2.411053 8.945663
2.755549 7.109564
2.337721 9.311791
3.256114 7.809502
2.502169 7.195671
1.947279 9.523303
3.046043 8.781980
2.166173 8.472047
1.777431 8.815350
1.880825 5.856408
2.291117 10.163971
2.299686 5.804162
2.825720 9.005094
2.524191 7.774490
2.603264 9.244372
3.302353 8.076477
2.562934 7.728174
1.783880 7.438730
2.084708 7.657671
2.109022 7.812057
2.253195 8.375765
2.650570 8.169402
1.714080 7.610309
2.439166 7.485118
2.280142 8.140186
1.733692 7.591767
1.629033 9.788518
1.715112 6.723298
1.729122 5.879985
3.338511 7.134571
2.594403 7.516080
1.896269 7.514171
1.578205 8.768025
2.079074 8.830780
2.670110 6.506986
3.137233 8.967732
1.817474 7.985611
2.273342 7.674976
2.145389 7.453567
1.759643 7.673582
2.366174 6.558606
4.281837 9.767529
2.356147 6.913642
3.147573 7.040115
1.677389 5.270607
1.445955 7.460175
2.791514 8.314453
2.361533 8.802143

2.350805 10.087831
2.168680 9.525141
2.545156 6.100249
2.434060 8.123199
2.443338 10.251529
2.274546 9.279391
2.909043 7.867347
3.275409 7.964495
2.155488 5.555630
1.960527 9.316445
2.223654 7.237924
2.408203 5.301331
2.780956 4.102225
2.722481 5.938287
2.873888 6.757442
2.594358 6.947357
1.706678 12.591437
1.808903 10.725815
2.985873 3.602153
2.872977 6.058796
2.094121 7.147524
2.629531 5.014368
2.872698 8.436807
2.831246 7.626451
2.577385 6.990833
2.855084 5.203298
2.488713 6.111787
2.718197 5.528833
2.434948 7.623178
1.172802 7.227842
1.925179 7.098656
1.794959 10.873567
2.562351 7.582857
1.936416 6.253992
2.589806 6.328323
2.305774 8.389300
2.404933 7.636387
2.688281 7.134803
1.964299 9.313750
1.993985 7.634315
1.916227 8.829580
2.366576 6.558424
2.823557 7.523442
1.799909 7.937532
2.383221 7.537410
2.175524 8.879496
2.764848 8.534155
2.871364 7.006220
2.974598 7.535293
2.465822 6.971798
2.812972 8.497412
2.573653 8.718934
2.391890 8.456141
2.393772 8.681093
3.919598 7.854449
2.946567 4.842353
2.500931 6.430369
2.035587 7.652657
2.782917 6.735253
3.293542 8.182897
1.982183 9.699636
3.402399 8.973449
2.410762 8.454485
2.003270 8.558873
2.387850 8.175266
1.688481 8.456218
2.609851 6.930687
1.737687 7.499627
2.660102 6.912533
2.616913 8.769389
2.411053 8.945663
2.755549 7.109564
2.337721 9.311791
3.256114 7.809502
2.502169 7.195671
1.947279 9.523303
3.046043 8.781980
2.166173 8.472047
1.777431 8.815350
1.880825 5.856408
2.291117 10.163971
2.299686 5.804162
2.825720 9.005094
2.524191 7.774490
2.603264 9.244372
3.302353 8.076477
2.562934 7.728174
1.783880 7.438730
2.084708 7.657671
2.109022 7.812057
2.253195 8.375765
2.650570 8.169402
1.714080 7.610309
2.439166 7.485118
2.280142 8.140186
1.733692 7.591767
1.629033 9.788518
1.715112 6.723298
1.729122 5.879985
3.338511 7.134571

1.794959 10.873567
2.122251 8.922999
2.350805 10.087831
2.357860 9.135511
2.168680 9.525141
3.751695 8.387267
1.172802 7.227842
1.865830 6.369305
2.545156 6.100249
1.910946 8.636853
1.808903 10.725815
1.865214 8.089318
2.443338 10.251529
2.439090 12.804677
2.872977 6.058796
2.471238 8.848117
2.909043 7.867347
2.431743 9.142654
1.960527 9.316445
2.201612 9.471665
2.408203 5.301331
2.483081 5.543811
2.718197 5.528833
3.054292 5.609353
2.155488 5.555630
2.093227 8.270393
2.594358 6.947357
3.450330 7.354622
2.831246 7.626451
2.515760 7.171825
2.274546 9.279391
2.531118 11.460284
2.223654 7.237924
2.558509 7.283811
2.780956 4.102225
2.523959 7.142889
2.434060 8.123199
2.307717 6.608910
2.873888 6.757442
2.758446 6.046838
1.706678 12.591437
2.629531 5.014368
2.985873 3.602153
2.094121 7.147524
2.722481 5.938287
1.993985 7.634315
2.872698 8.436807
2.577385 6.990833
2.488713 6.111787
2.434948 7.623178
2.855084 5.203298
1.925179 7.098656
2.562351 7.582857
2.589806 6.328323
2.404933 7.636387
1.964299 9.313750
1.916227 8.829580
2.366576 6.558424
2.823557 7.523442
1.799909 7.937532
2.383221 7.537410
2.175524 8.879496
2.764848 8.534155
2.871364 7.006220
2.974598 7.535293
2.465822 6.971798
2.812972 8.497412
3.275409 7.964495
2.573653 8.718934
2.391890 8.456141
2.393772 8.681093
3.919598 7.854449
2.946567 4.842353
2.500931 6.430369
2.035587 7.652657
2.782917 6.735253
2.305774 8.389300
3.293542 8.182897
1.982183 9.699636
3.402399 8.973449
2.410762 8.454485
2.003270 8.558873
2.387850 8.175266
1.688481 8.456218
2.609851 6.930687
1.737687 7.499627
2.660102 6.912533
2.616913 8.769389
2.411053 8.945663
2.755549 7.109564
2.337721 9.311791
3.256114 7.809502
2.502169 7.195671
1.947279 9.523303
3.046043 8.781980
2.166173 8.472047
1.777431 8.815350
1.880825 5.856408
2.291117 10.163971
2.299686 5.804162

1.865830 6.369305
2.037135 8.156129
2.531118 11.460284
2.379672 9.688703
1.794959 10.873567
2.406408 6.886303
2.093227 8.270393
2.163433 9.241096
2.122251 8.922999
2.165655 8.309374
3.450330 7.354622
2.801834 7.652690
2.350805 10.087831
2.587105 7.493686
2.471238 8.848117
2.303119 9.857385
1.865214 8.089318
2.578059 7.484862
2.483081 5.543811
1.165170 3.756350
2.431743 9.142654
2.388913 9.384382
2.168680 9.525141
1.751476 8.785854
1.172802 7.227842
1.545858 7.155682
2.545156 6.100249
2.423990 7.643946
2.758446 6.046838
2.975051 6.318465
1.808903 10.725815
2.486005 8.399805
2.443338 10.251529
2.338614 10.513161
2.872977 6.058796
2.999195 6.595879
2.909043 7.867347
2.168303 8.445789
1.960527 9.316445
2.591561 8.356112
2.408203 5.301331
2.718197 5.528833
2.307717 6.608910
2.155488 5.555630
3.054292 5.609353
2.357860 9.135511
2.523959 7.142889
2.594358 6.947357
2.831246 7.626451
2.274546 9.279391
2.201612 9.471665
2.558509 7.283811
2.223654 7.237924
2.780956 4.102225
2.434060 8.123199
2.873888 6.757442
1.706678 12.591437
2.629531 5.014368
2.985873 3.602153
2.094121 7.147524
2.722481 5.938287
1.993985 7.634315
2.872698 8.436807
2.577385 6.990833
2.515760 7.171825
2.488713 6.111787
2.434948 7.623178
2.855084 5.203298
1.925179 7.098656
2.562351 7.582857
1.910946 8.636853
2.589806 6.328323
2.404933 7.636387
1.964299 9.313750
1.916227 8.829580
2.439090 12.804677
2.366576 6.558424
2.823557 7.523442
1.799909 7.937532
2.383221 7.537410
2.175524 8.879496
2.764848 8.534155
2.871364 7.006220
2.974598 7.535293
2.465822 6.971798
2.812972 8.497412
3.275409 7.964495
2.573653 8.718934
2.391890 8.456141
2.393772 8.681093
3.919598 7.854449
2.946567 4.842353
3.751695 8.387267
2.500931 6.430369
2.035587 7.652657
2.782917 6.735253
2.305774 8.389300
3.293542 8.182897
1.982183 9.699636
3.402399 8.973449

2.406408 6.886303
2.067735 7.311090
1.865830 6.369305
2.120166 6.818258
2.531118 11.460284
2.543794 9.140984
1.794959 10.873567
2.325435 8.096575
2.037135 8.156129
2.306360 9.142770
2.093227 8.270393
2.020191 8.085741
1.545858 7.155682
1.901471 7.837548
2.587105 7.493686
2.546213 7.141774
2.388913 9.384382
2.036941 9.133901
2.122251 8.922999
2.477460 10.591866
2.379672 9.688703
2.421831 10.219303
3.450330 7.354622
2.940615 7.460058
2.165655 8.309374
2.041853 8.684954
2.350805 10.087831
2.295688 9.131291
2.471238 8.848117
1.966582 8.798753
2.303119 9.857385
2.278187 10.273396
1.865214 8.089318
1.923069 9.349431
2.483081 5.543811
2.307200 4.131299
1.751476 8.785854
1.894529 8.850163
2.168303 8.445789
1.913120 7.190665
2.431743 9.142654
2.999195 6.595879
2.801834 7.652690
2.975051 6.318465
2.163433 9.241096
2.168680 9.525141
2.578059 7.484862
1.172802 7.227842
2.545156 6.100249
2.758446 6.046838
1.808903 10.725815
2.443338 10.251529
2.872977 6.058796
2.591561 8.356112
2.909043 7.867347
1.960527 9.316445
2.408203 5.301331
2.718197 5.528833
2.307717 6.608910
2.155488 5.555630
3.054292 5.609353
2.357860 9.135511
2.338614 10.513161
2.423990 7.643946
2.523959 7.142889
2.594358 6.947357
2.831246 7.626451
2.274546 9.279391
2.201612 9.471665
1.165170 3.756350
2.486005 8.399805
2.558509 7.283811
2.223654 7.237924
2.780956 4.102225
2.434060 8.123199
2.873888 6.757442
1.706678 12.591437
2.629531 5.014368
2.985873 3.602153
2.094121 7.147524
2.722481 5.938287
1.993985 7.634315
2.872698 8.436807
2.577385 6.990833
2.515760 7.171825
2.488713 6.111787
2.434948 7.623178
2.855084 5.203298
1.925179 7.098656
2.562351 7.582857
1.910946 8.636853
2.589806 6.328323
2.404933 7.636387
1.964299 9.313750
1.916227 8.829580
2.439090 12.804677
2.366576 6.558424
2.823557 7.523442
1.799909 7.937532
2.383221 7.537410

2.406408 6.886303
2.445746 8.626908
1.865830 6.369305
1.838083 7.208729
2.120166 6.818258
1.954685 7.169945
2.477460 10.591866
2.315642 10.341926
2.531118 11.460284
2.081330 10.703552
2.306360 9.142770
2.150051 7.962921
1.794959 10.873567
1.497328 15.340084
2.036941 9.133901
1.862263 8.789824
2.037135 8.156129
2.299896 8.218154
2.067735 7.311090
1.816265 7.442767
2.093227 8.270393
2.578986 5.791712
1.545858 7.155682
2.074493 7.860908
2.546213 7.141774
2.325293 7.841429
2.020191 8.085741
1.822596 7.421880
2.940615 7.460058
2.686374 7.909101
1.913120 7.190665
2.559385 6.787686
1.901471 7.837548
1.610448 7.699721
1.923069 9.349431
1.811344 5.924229
2.587105 7.493686
2.148886 6.472323
2.325435 8.096575
2.209366 7.493128
2.388913 9.384382
2.122251 8.922999
2.379672 9.688703
2.543794 9.140984
1.966582 8.798753
3.450330 7.354622
2.041853 8.684954
1.894529 8.850163
2.165655 8.309374
2.350805 10.087831
2.471238 8.848117
2.303119 9.857385
2.421831 10.219303
1.865214 8.089318
2.483081 5.543811
1.751476 8.785854
2.168303 8.445789
2.431743 9.142654
2.999195 6.595879
2.801834 7.652690
2.975051 6.318465
2.295688 9.131291
2.163433 9.241096
2.168680 9.525141
2.578059 7.484862
1.172802 7.227842
2.545156 6.100249
2.758446 6.046838
1.808903 10.725815
2.443338 10.251529
2.872977 6.058796
2.591561 8.356112
2.909043 7.867347
1.960527 9.316445
2.408203 5.301331
2.278187 10.273396
2.718197 5.528833
2.307717 6.608910
2.155488 5.555630
3.054292 5.609353
2.357860 9.135511
2.338614 10.513161
2.423990 7.643946
2.523959 7.142889
2.594358 6.947357
2.831246 7.626451
2.274546 9.279391
2.201612 9.471665
1.165170 3.756350
2.486005 8.399805
2.558509 7.283811
2.223654 7.237924
2.780956 4.102225
2.434060 8.123199
2.873888 6.757442
1.706678 12.591437
2.629531 5.014368
2.985873 3.602153
2.094121 7.147524
2.722481 5.938287

2.578986 5.791712
2.698209 8.669897
2.445746 8.626908
2.485304 9.791988
2.406408 6.886303
0.973410 6.223550
1.865830 6.369305
2.011712 8.807858
2.209366 7.493128
2.170912 7.560647
2.315642 10.341926
2.106959 8.784254
2.120166 6.818258
2.101919 7.750675
2.477460 10.591866
2.743256 5.583225
1.862263 8.789824
2.055357 8.745452
2.531118 11.460284
2.318620 8.900091
2.306360 9.142770
2.165651 8.817871
1.794959 10.873567
1.838560 10.576956
2.299896 8.218154
2.176382 8.191243
2.036941 9.133901
1.512359 5.547412
2.686374 7.909101
2.332666 7.186567
1.838083 7.208729
2.080905 7.635558
1.954685 7.169945
1.973066 8.860282
2.037135 8.156129
2.203619 10.096112
2.081330 10.703552
1.890821 12.357097
1.610448 7.699721
1.649927 6.537301
2.067735 7.311090
2.093227 8.270393
1.822596 7.421880
1.545858 7.155682
2.546213 7.141774
2.559385 6.787686
2.150051 7.962921
2.020191 8.085741
2.940615 7.460058
2.325293 7.841429
1.913120 7.190665
1.901471 7.837548
1.816265 7.442767
1.923069 9.349431
2.587105 7.493686
2.325435 8.096575
1.497328 15.340084
2.388913 9.384382
2.122251 8.922999
2.379672 9.688703
2.543794 9.140984
1.966582 8.798753
3.450330 7.354622
2.074493 7.860908
2.041853 8.684954
1.894529 8.850163
2.165655 8.309374
2.350805 10.087831
2.471238 8.848117
2.303119 9.857385
2.421831 10.219303
1.865214 8.089318
2.483081 5.543811
1.751476 8.785854
2.168303 8.445789
2.431743 9.142654
2.999195 6.595879
2.801834 7.652690
2.975051 6.318465
2.295688 9.131291
2.163433 9.241096
2.168680 9.525141
2.578059 7.484862
1.172802 7.227842
2.545156 6.100249
2.758446 6.046838
1.808903 10.725815
2.443338 10.251529
2.872977 6.058796
2.591561 8.356112
2.909043 7.867347
1.960527 9.316445
2.408203 5.301331
2.278187 10.273396
2.718197 5.528833
2.307717 6.608910
2.155488 5.555630
3.054292 5.609353
2.357860 9.135511
2.338614 10.513161

2.170912 7.560647
2.947589 5.212545
2.578986 5.791712
2.411641 7.800862
2.445746 8.626908
1.785615 7.082375
2.406408 6.886303
2.219804 9.337719
2.698209 8.669897
2.745875 8.925249
2.332666 7.186567
2.090122 7.102490
0.973410 6.223550
2.198332 8.756414
1.865830 6.369305
2.221832 6.021054
2.209366 7.493128
2.132893 7.995585
2.315642 10.341926
2.059079 8.229904
1.649927 6.537301
1.872117 6.472728
2.165651 8.817871
1.732867 7.734425
2.101919 7.750675
1.374599 4.859539
2.120166 6.818258
2.017231 7.049882
2.477460 10.591866
3.452899 8.355683
1.862263 8.789824
2.109602 8.570088
2.203619 10.096112
2.244635 8.275837
1.838560 10.576956
2.585200 6.475212
2.531118 11.460284
2.175408 10.037226
2.080905 7.635558
2.005883 8.853840
2.485304 9.791988
2.306360 9.142770
1.794959 10.873567
2.299896 8.218154
2.318620 8.900091
2.176382 8.191243
2.036941 9.133901
1.973066 8.860282
2.686374 7.909101
1.838083 7.208729
1.954685 7.169945
2.011712 8.807858
2.106959 8.784254
2.037135 8.156129
2.081330 10.703552
1.610448 7.699721
2.067735 7.311090
2.093227 8.270393
1.512359 5.547412
1.822596 7.421880
2.055357 8.745452
1.890821 12.357097
1.545858 7.155682
2.546213 7.141774
2.559385 6.787686
2.150051 7.962921
2.020191 8.085741
2.940615 7.460058
2.325293 7.841429
1.913120 7.190665
1.901471 7.837548
1.816265 7.442767
1.923069 9.349431
2.587105 7.493686
2.325435 8.096575
1.497328 15.340084
2.388913 9.384382
2.122251 8.922999
2.379672 9.688703
2.543794 9.140984
1.966582 8.798753
3.450330 7.354622
2.074493 7.860908
2.041853 8.684954
1.894529 8.850163
2.165655 8.309374
2.350805 10.087831
2.471238 8.848117
2.303119 9.857385
2.421831 10.219303
1.865214 8.089318
2.483081 5.543811
1.751476 8.785854
2.168303 8.445789
2.431743 9.142654
2.999195 6.595879
2.801834 7.652690
2.975051 6.318465
2.295688 9.131291
2.163433 9.241096

1.374599 4.859539
1.209215 8.483399
2.411641 7.800862
2.290061 7.134512
2.198332 8.756414
2.048766 7.481526
1.785615 7.082375
1.902158 6.282276
2.170912 7.560647
2.200288 6.932497
2.578986 5.791712
2.646021 7.862359
2.947589 5.212545
2.443708 6.078747
2.221832 6.021054
2.107112 7.124858
1.872117 6.472728
2.034807 6.646115
2.445746 8.626908
1.947081 7.990736
2.406408 6.886303
2.163922 7.705607
2.017231 7.049882
1.971297 6.724227
2.698209 8.669897
2.142259 7.110410
2.132893 7.995585
2.190439 6.584211
2.090122 7.102490
1.589423 6.636558
2.332666 7.186567
2.679006 6.495080
2.175408 10.037226
2.079288 8.661888
0.973410 6.223550
1.247758 5.794055
1.865830 6.369305
1.747151 6.618963
2.745875 8.925249
2.756399 6.036828
2.209366 7.493128
2.315642 10.341926
1.649927 6.537301
2.005883 8.853840
2.165651 8.817871
2.101919 7.750675
2.120166 6.818258
2.477460 10.591866
1.862263 8.789824
2.203619 10.096112
2.109602 8.570088
1.838560 10.576956
2.531118 11.460284
2.219804 9.337719
2.080905 7.635558
2.485304 9.791988
2.306360 9.142770
1.794959 10.873567
2.299896 8.218154
2.318620 8.900091
2.176382 8.191243
2.244635 8.275837
2.036941 9.133901
1.973066 8.860282
2.686374 7.909101
1.838083 7.208729
1.954685 7.169945
2.011712 8.807858
2.106959 8.784254
2.059079 8.229904
2.037135 8.156129
2.081330 10.703552
1.610448 7.699721
2.067735 7.311090
2.093227 8.270393
1.512359 5.547412
1.822596 7.421880
2.055357 8.745452
1.890821 12.357097
1.545858 7.155682
2.546213 7.141774
1.732867 7.734425
2.559385 6.787686
2.150051 7.962921
2.020191 8.085741
2.940615 7.460058
2.325293 7.841429
1.913120 7.190665
1.901471 7.837548
1.816265 7.442767
1.923069 9.349431
2.587105 7.493686
2.325435 8.096575
1.497328 15.340084
2.388913 9.384382
2.122251 8.922999
2.379672 9.688703
2.543794 9.140984
1.966582 8.798753
3.450330 7.354622

1.947081 7.990736
1.962288 7.661468
2.756399 6.036828
2.322104 6.235631
1.209215 8.483399
1.862884 6.736544
2.443708 6.078747
1.682036 4.498101
1.247758 5.794055
1.627142 6.633039
1.374599 4.859539
2.023849 5.128820
2.411641 7.800862
2.232492 6.860611
2.107112 7.124858
2.653416 6.812824
2.198332 8.756414
1.866973 7.609429
1.785615 7.082375
1.060627 7.488762
2.048766 7.481526
1.757282 9.177043
2.200288 6.932497
1.811610 6.386821
2.170912 7.560647
2.187939 8.480066
2.142259 7.110410
1.904656 6.771155
2.679006 6.495080
2.484397 6.430908
2.578986 5.791712
2.004005 6.994739
2.947589 5.212545
2.231254 6.843217
2.221832 6.021054
2.170951 7.087568
1.872117 6.472728
2.105625 6.713293
2.445746 8.626908
2.497669 6.575675
2.290061 7.134512
2.406408 6.886303
1.902158 6.282276
2.017231 7.049882
2.698209 8.669897
2.132893 7.995585
2.090122 7.102490
2.332666 7.186567
2.175408 10.037226
2.034807 6.646115
0.973410 6.223550
1.865830 6.369305
2.745875 8.925249
2.163922 7.705607
1.747151 6.618963
1.589423 6.636558
2.190439 6.584211
1.971297 6.724227
2.209366 7.493128
2.315642 10.341926
2.646021 7.862359
1.649927 6.537301
2.005883 8.853840
2.165651 8.817871
2.101919 7.750675
2.079288 8.661888
2.120166 6.818258
2.477460 10.591866
1.862263 8.789824
2.203619 10.096112
2.109602 8.570088
1.838560 10.576956
2.531118 11.460284
2.219804 9.337719
2.080905 7.635558
2.485304 9.791988
2.306360 9.142770
1.794959 10.873567
2.299896 8.218154
2.318620 8.900091
2.176382 8.191243
2.244635 8.275837
2.036941 9.133901
1.973066 8.860282
2.686374 7.909101
1.838083 7.208729
1.954685 7.169945
2.011712 8.807858
2.106959 8.784254
2.059079 8.229904
2.037135 8.156129
2.081330 10.703552
1.610448 7.699721
2.067735 7.311090
2.093227 8.270393
1.512359 5.547412
1.822596 7.421880
2.055357 8.745452
1.890821 12.357097
1.545858 7.155682

1.947081 7.990736
1.679687 6.450861
1.962288 7.661468
1.967648 7.164270
1.757282 9.177043
1.375421 7.711928
2.187939 8.480066
1.694263 7.815948
2.322104 6.235631
1.881636 6.477750
2.756399 6.036828
2.000598 6.156234
1.862884 6.736544
2.732129 7.247402
2.004005 6.994739
1.732698 6.500163
1.209215 8.483399
1.564103 8.325574
2.231254 6.843217
1.998590 6.853090
1.811610 6.386821
1.956340 6.643513
2.232492 6.860611
2.802754 7.569234
2.443708 6.078747
2.760102 9.583112
2.484397 6.430908
2.036097 6.666824
1.904656 6.771155
1.796196 7.388031
1.247758 5.794055
1.295488 8.415875
1.374599 4.859539
1.925516 5.436384
2.411641 7.800862
1.561940 6.616065
2.105625 6.713293
1.858645 5.568423
2.107112 7.124858
2.079715 6.290315
2.653416 6.812824
2.198332 8.756414
1.785615 7.082375
1.627142 6.633039
2.048766 7.481526
2.200288 6.932497
1.866973 7.609429
2.170912 7.560647
2.142259 7.110410
2.497669 6.575675
2.679006 6.495080
2.578986 5.791712
2.023849 5.128820
2.947589 5.212545
2.221832 6.021054
1.872117 6.472728
2.445746 8.626908
2.290061 7.134512
2.406408 6.886303
1.902158 6.282276
2.017231 7.049882
2.698209 8.669897
2.132893 7.995585
2.090122 7.102490
2.332666 7.186567
2.175408 10.037226
2.034807 6.646115
0.973410 6.223550
1.865830 6.369305
2.745875 8.925249
2.163922 7.705607
1.747151 6.618963
1.589423 6.636558
2.170951 7.087568
2.190439 6.584211
1.971297 6.724227
2.209366 7.493128
2.315642 10.341926
2.646021 7.862359
1.649927 6.537301
2.005883 8.853840
2.165651 8.817871
2.101919 7.750675
2.079288 8.661888
2.120166 6.818258
2.477460 10.591866
1.862263 8.789824
2.203619 10.096112
2.109602 8.570088
1.838560 10.576956
2.531118 11.460284
2.219804 9.337719
2.080905 7.635558
2.485304 9.791988
2.306360 9.142770
1.794959 10.873567
2.299896 8.218154
2.318620 8.900091
2.176382 8.191243
2.244635 8.275837

1.694263 7.815948
2.232774 8.437664
2.760102 9.583112
2.292914 9.188551
1.947081 7.990736
1.529871 10.714288
1.679687 6.450861
2.595283 3.836407
1.962288 7.661468
2.520006 8.219777
2.036097 6.666824
1.835005 7.099284
1.757282 9.177043
2.346645 7.301799
1.564103 8.325574
1.685865 11.856396
1.998590 6.853090
2.143603 7.915485
2.187939 8.480066
1.905290 7.622074
2.322104 6.235631
2.543672 5.645470
1.295488 8.415875
1.500435 7.084242
2.732129 7.247402
2.921290 6.819134
2.756399 6.036828
2.309503 7.278009
1.862884 6.736544
1.714929 7.844780
2.004005 6.994739
2.060694 6.449711
1.209215 8.483399
1.749289 7.073660
2.231254 6.843217
2.259052 6.282822
1.881636 6.477750
1.671516 7.963313
1.811610 6.386821
1.767770 7.747331
1.956340 6.643513
1.561940 6.616065
1.967648 7.164270
2.232492 6.860611
2.443708 6.078747
1.375421 7.711928
2.484397 6.430908
2.000598 6.156234
1.796196 7.388031
1.904656 6.771155
1.247758 5.794055
1.374599 4.859539
1.732698 6.500163
2.411641 7.800862
2.105625 6.713293
2.107112 7.124858
2.653416 6.812824
2.198332 8.756414
1.785615 7.082375
1.627142 6.633039
1.858645 5.568423
2.048766 7.481526
2.200288 6.932497
2.079715 6.290315
1.866973 7.609429
2.170912 7.560647
2.142259 7.110410
2.497669 6.575675
2.679006 6.495080
2.578986 5.791712
2.023849 5.128820
2.947589 5.212545
1.925516 5.436384
2.221832 6.021054
1.872117 6.472728
2.445746 8.626908
2.290061 7.134512
2.406408 6.886303
1.902158 6.282276
2.017231 7.049882
2.698209 8.669897
2.132893 7.995585
2.090122 7.102490
2.332666 7.186567
2.175408 10.037226
2.034807 6.646115
0.973410 6.223550
1.865830 6.369305
2.745875 8.925249
2.163922 7.705607
1.747151 6.618963
1.589423 6.636558
2.170951 7.087568
2.190439 6.584211
1.971297 6.724227
2.209366 7.493128
2.315642 10.341926
2.646021 7.862359
1.649927 6.537301
2.005883 8.853840

1.694263 7.815948
1.965600 5.611405
2.346645 7.301799
2.339497 7.441475
2.232774 8.437664
2.181262 9.138767
2.520006 8.219777
2.077946 8.270481
2.292914 9.188551
2.368554 8.240524
2.760102 9.583112
2.441427 9.220958
2.595283 3.836407
2.205006 6.386765
1.947081 7.990736
1.874497 8.132510
1.714929 7.844780
2.275850 7.448313
1.679687 6.450861
2.154366 7.367256
1.835005 7.099284
1.622722 5.789245
1.962288 7.661468
2.002783 7.405294
2.309503 7.278009
2.708174 9.203330
2.921290 6.819134
3.846913 9.053427
2.060694 6.449711
2.343468 8.532093
2.036097 6.666824
2.373339 6.324293
1.757282 9.177043
1.675644 8.407139
2.143603 7.915485
2.302973 8.601378
1.564103 8.325574
1.821110 8.825269
1.905290 7.622074
1.659168 6.214352
1.998590 6.853090
1.767770 7.747331
2.187939 8.480066
2.322104 6.235631
1.500435 7.084242
2.259052 6.282822
1.749289 7.073660
1.295488 8.415875
2.732129 7.247402
2.756399 6.036828
1.862884 6.736544
2.004005 6.994739
1.209215 8.483399
2.231254 6.843217
1.881636 6.477750
1.811610 6.386821
1.956340 6.643513
1.561940 6.616065
1.671516 7.963313
1.967648 7.164270
2.543672 5.645470
2.232492 6.860611
2.443708 6.078747
1.375421 7.711928
2.484397 6.430908
2.000598 6.156234
1.796196 7.388031
1.904656 6.771155
1.247758 5.794055
1.374599 4.859539
1.732698 6.500163
2.411641 7.800862
2.105625 6.713293
2.107112 7.124858
2.653416 6.812824
2.198332 8.756414
1.785615 7.082375
1.627142 6.633039
1.858645 5.568423
2.048766 7.481526
2.200288 6.932497
2.079715 6.290315
1.866973 7.609429
2.170912 7.560647
2.142259 7.110410
2.497669 6.575675
2.679006 6.495080
2.578986 5.791712
2.023849 5.128820
2.947589 5.212545
1.925516 5.436384
2.221832 6.021054
1.872117 6.472728
2.445746 8.626908
2.290061 7.134512
2.406408 6.886303
1.902158 6.282276
2.017231 7.049882
2.698209 8.669897
2.132893 7.995585

1.659168 6.214352
2.066627 7.502402
1.694263 7.815948
2.598797 11.348508
2.346645 7.301799
1.707900 5.390016
1.965600 5.611405
1.946116 10.600120
2.077946 8.270481
2.204342 9.149538
2.232774 8.437664
2.451611 9.088633
2.520006 8.219777
2.604141 8.797494
2.292914 9.188551
2.125453 9.150927
2.181262 9.138767
2.160713 8.348276
1.874497 8.132510
2.315964 5.976824
2.760102 9.583112
2.931595 8.853359
2.339497 7.441475
2.407645 5.655558
2.708174 9.203330
2.448571 9.543361
2.205006 6.386765
2.309634 6.711982
2.368554 8.240524
1.260208 7.236337
2.154366 7.367256
2.581133 6.142073
2.441427 9.220958
2.076274 9.038461
2.595283 3.836407
2.225738 6.115131
1.947081 7.990736
1.928913 6.936843
1.714929 7.844780
2.059410 7.700330
2.275850 7.448313
2.302973 8.601378
1.679687 6.450861
2.002783 7.405294
1.821110 8.825269
1.835005 7.099284
2.343468 8.532093
1.962288 7.661468
2.309503 7.278009
2.921290 6.819134
2.060694 6.449711
2.036097 6.666824
1.757282 9.177043
2.143603 7.915485
1.564103 8.325574
1.905290 7.622074
1.998590 6.853090
1.767770 7.747331
2.187939 8.480066
2.322104 6.235631
1.500435 7.084242
2.259052 6.282822
1.749289 7.073660
1.675644 8.407139
1.295488 8.415875
2.732129 7.247402
2.756399 6.036828
1.862884 6.736544
2.004005 6.994739
1.209215 8.483399
2.231254 6.843217
1.622722 5.789245
1.881636 6.477750
1.811610 6.386821
1.956340 6.643513
2.373339 6.324293
1.561940 6.616065
1.671516 7.963313
1.967648 7.164270
2.543672 5.645470
2.232492 6.860611
2.443708 6.078747
1.375421 7.711928
2.484397 6.430908
2.000598 6.156234
1.796196 7.388031
1.904656 6.771155
1.247758 5.794055
1.374599 4.859539
1.732698 6.500163
2.411641 7.800862
2.105625 6.713293
2.107112 7.124858
2.653416 6.812824
2.198332 8.756414
1.785615 7.082375
1.627142 6.633039
1.858645 5.568423
2.048766 7.481526
2.200288 6.932497

1.260208 7.236337
1.361272 6.848417
2.598797 11.348508
2.653716 9.359737
1.659168 6.214352
1.743468 10.882067
2.066627 7.502402
2.311876 8.637818
1.694263 7.815948
1.942359 6.367418
2.451611 9.088633
2.437104 7.299795
2.346645 7.301799
1.938246 7.193038
1.965600 5.611405
2.267789 6.967348
2.077946 8.270481
2.523172 8.286193
2.232774 8.437664
3.392909 11.114433
2.204342 9.149538
1.899016 9.156891
2.520006 8.219777
2.784343 8.983430
2.292914 9.188551
2.299055 8.185834
2.604141 8.797494
2.145876 7.666134
2.160713 8.348276
2.274532 7.845791
2.181262 9.138767
1.511965 4.325762
2.407645 5.655558
2.284874 7.265452
1.874497 8.132510
2.291179 10.211080
2.125453 9.150927
2.025127 9.951992
2.760102 9.583112
4.002420 4.909254
2.339497 7.441475
2.931595 8.853359
2.708174 9.203330
2.205006 6.386765
2.368554 8.240524
2.154366 7.367256
1.928913 6.936843
2.441427 9.220958
2.595283 3.836407
2.076274 9.038461
1.947081 7.990736
1.714929 7.844780
2.275850 7.448313
2.309634 6.711982
2.302973 8.601378
2.581133 6.142073
2.448571 9.543361
1.679687 6.450861
2.002783 7.405294
1.821110 8.825269
1.835005 7.099284
2.343468 8.532093
2.225738 6.115131
1.962288 7.661468
2.309503 7.278009
2.921290 6.819134
2.060694 6.449711
2.036097 6.666824
1.757282 9.177043
2.143603 7.915485
1.564103 8.325574
1.905290 7.622074
1.998590 6.853090
1.767770 7.747331
2.187939 8.480066
2.322104 6.235631
1.500435 7.084242
2.259052 6.282822
1.749289 7.073660
1.675644 8.407139
1.295488 8.415875
2.732129 7.247402
2.756399 6.036828
1.862884 6.736544
2.004005 6.994739
1.209215 8.483399
2.231254 6.843217
1.622722 5.789245
1.881636 6.477750
1.707900 5.390016
1.811610 6.386821
1.956340 6.643513
2.373339 6.324293
1.561940 6.616065
1.671516 7.963313
1.967648 7.164270
2.543672 5.645470
2.232492 6.860611
2.443708 6.078747
1.375421 7.711928

1.743468 10.882067
1.330425 5.737994
1.260208 7.236337
1.652019 8.469326
1.361272 6.848417
1.608903 6.214815
2.598797 11.348508
2.707515 10.572919
1.938246 7.193038
1.148174 13.245785
2.653716 9.359737
2.047456 10.910628
1.659168 6.214352
1.989765 6.485562
1.942359 6.367418
1.938669 7.242403
2.523172 8.286193
2.166746 8.472727
2.274532 7.845791
1.593007 7.274014
2.066627 7.502402
1.732049 9.953150
1.899016 9.156891
1.869453 7.762628
1.694263 7.815948
1.427233 9.085053
2.437104 7.299795
2.525855 9.308201
2.451611 9.088633
2.594131 9.282057
2.346645 7.301799
1.999594 7.007386
1.965600 5.611405
2.118960 6.666927
2.077946 8.270481
1.977978 6.658361
2.784343 8.983430
2.080067 7.666143
2.291179 10.211080
1.833744 7.770210
2.232774 8.437664
2.204342 9.149538
2.520006 8.219777
2.292914 9.188551
2.604141 8.797494
2.299055 8.185834
1.511965 4.325762
2.284874 7.265452
2.267789 6.967348
2.145876 7.666134
2.160713 8.348276
2.181262 9.138767
2.407645 5.655558
2.025127 9.951992
1.874497 8.132510
2.125453 9.150927
2.760102 9.583112
2.311876 8.637818
2.339497 7.441475
2.931595 8.853359
2.708174 9.203330
2.205006 6.386765
2.368554 8.240524
2.154366 7.367256
1.928913 6.936843
2.441427 9.220958
2.595283 3.836407
3.392909 11.114433
2.076274 9.038461
1.947081 7.990736
1.714929 7.844780
2.275850 7.448313
2.309634 6.711982
2.302973 8.601378
2.581133 6.142073
2.448571 9.543361
1.679687 6.450861
2.002783 7.405294
1.821110 8.825269
1.835005 7.099284
2.343468 8.532093
2.225738 6.115131
1.962288 7.661468
4.002420 4.909254
2.309503 7.278009
2.921290 6.819134
2.060694 6.449711
2.036097 6.666824
1.757282 9.177043
2.143603 7.915485
1.564103 8.325574
1.905290 7.622074
1.998590 6.853090
1.767770 7.747331
2.187939 8.480066
2.322104 6.235631
1.500435 7.084242
2.259052 6.282822
1.749289 7.073660
1.675644 8.407139

1.743468 10.882067
1.176349 9.412969
1.260208 7.236337
1.682533 7.525821
1.427233 9.085053
2.160521 10.649962
1.361272 6.848417
1.834791 6.984910
1.608903 6.214815
1.751308 7.854741
1.652019 8.469326
1.398188 8.096731
2.047456 10.910628
1.629550 8.218074
1.593007 7.274014
1.604775 7.243122
2.598797 11.348508
1.900646 9.822421
1.938246 7.193038
1.997816 7.875733
2.594131 9.282057
2.638198 4.915406
2.653716 9.359737
2.145708 8.659954
1.659168 6.214352
1.436116 6.575123
2.166746 8.472727
2.586366 9.742767
1.942359 6.367418
2.312511 8.004013
2.080067 7.666143
1.315731 7.010348
2.523172 8.286193
2.514230 9.560693
1.938669 7.242403
2.264241 8.078040
1.330425 5.737994
1.788132 8.241664
2.274532 7.845791
2.172004 8.844714
2.066627 7.502402
1.899016 9.156891
2.525855 9.308201
2.707515 10.572919
1.694263 7.815948
1.999594 7.007386
2.437104 7.299795
2.451611 9.088633
2.346645 7.301799
1.965600 5.611405
1.989765 6.485562
2.077946 8.270481
1.977978 6.658361
2.784343 8.983430
2.291179 10.211080
2.232774 8.437664
2.204342 9.149538
2.118960 6.666927
2.520006 8.219777
2.292914 9.188551
2.604141 8.797494
2.299055 8.185834
1.511965 4.325762
1.833744 7.770210
2.284874 7.265452
1.869453 7.762628
2.267789 6.967348
2.145876 7.666134
2.160713 8.348276
2.181262 9.138767
2.407645 5.655558
2.025127 9.951992
1.874497 8.132510
2.125453 9.150927
2.760102 9.583112
2.311876 8.637818
2.339497 7.441475
2.931595 8.853359
2.708174 9.203330
2.205006 6.386765
2.368554 8.240524
2.154366 7.367256
1.928913 6.936843
2.441427 9.220958
2.595283 3.836407
3.392909 11.114433
2.076274 9.038461
1.947081 7.990736
1.714929 7.844780
2.275850 7.448313
2.309634 6.711982
2.302973 8.601378
2.581133 6.142073
2.448571 9.543361
1.679687 6.450861
2.002783 7.405294
1.821110 8.825269
1.835005 7.099284
2.343468 8.532093
2.225738 6.115131

1.743468 10.882067
2.090965 17.617245
1.315731 7.010348
1.592005 8.677965
1.260208 7.236337
1.622051 9.048241
1.682533 7.525821
1.632057 7.993272
1.900646 9.822421
1.913042 7.779417
1.398188 8.096731
1.771458 9.223642
1.427233 9.085053
1.452071 9.468331
2.586366 9.742767
2.398773 10.801517
1.361272 6.848417
0.819231 9.841023
2.638198 4.915406
2.057387 5.206749
1.608903 6.214815
3.013815 7.975849
1.751308 7.854741
1.895344 8.117852
1.652019 8.469326
1.725759 7.697548
2.047456 10.910628
1.599383 8.600300
1.834791 6.984910
1.296323 8.130056
2.514230 9.560693
2.301339 8.940727
1.436116 6.575123
1.379926 7.834435
2.160521 10.649962
2.020064 10.437532
2.264241 8.078040
2.535380 9.395432
1.593007 7.274014
1.381320 7.482897
1.629550 8.218074
2.598797 11.348508
2.312511 8.004013
1.938246 7.193038
2.145708 8.659954
1.997816 7.875733
2.594131 9.282057
2.653716 9.359737
1.659168 6.214352
2.172004 8.844714
2.166746 8.472727
1.604775 7.243122
1.942359 6.367418
2.080067 7.666143
2.523172 8.286193
1.938669 7.242403
1.330425 5.737994
2.274532 7.845791
2.066627 7.502402
1.899016 9.156891
2.525855 9.308201
1.788132 8.241664
2.707515 10.572919
1.694263 7.815948
1.999594 7.007386
2.437104 7.299795
2.451611 9.088633
2.346645 7.301799
1.965600 5.611405
1.989765 6.485562
2.077946 8.270481
1.977978 6.658361
2.784343 8.983430
2.291179 10.211080
2.232774 8.437664
2.204342 9.149538
2.118960 6.666927
2.520006 8.219777
2.292914 9.188551
2.604141 8.797494
2.299055 8.185834
1.511965 4.325762
1.833744 7.770210
2.284874 7.265452
1.869453 7.762628
2.267789 6.967348
2.145876 7.666134
2.160713 8.348276
2.181262 9.138767
2.407645 5.655558
2.025127 9.951992
1.874497 8.132510
2.125453 9.150927
2.760102 9.583112
2.311876 8.637818
2.339497 7.441475
1.176349 9.412969
2.931595 8.853359
2.708174 9.203330
2.205006 6.386765

1.296323 8.130056
2.167447 8.683595
1.743468 10.882067
1.832073 12.060738
1.315731 7.010348
1.336884 6.461340
3.013815 7.975849
2.142908 9.118099
1.381320 7.482897
1.225118 7.162845
1.592005 8.677965
1.854050 9.438604
1.260208 7.236337
1.712175 3.266653
1.632057 7.993272
1.902509 6.398359
1.379926 7.834435
1.339167 7.573769
1.682533 7.525821
1.684781 8.235151
1.725759 7.697548
1.846118 8.365247
1.900646 9.822421
1.712087 9.565463
1.622051 9.048241
1.656251 7.817515
1.398188 8.096731
1.813782 9.565062
2.057387 5.206749
1.725798 6.357077
1.427233 9.085053
1.467634 8.865087
1.913042 7.779417
1.762418 7.414829
2.020064 10.437532
2.019724 11.031749
1.599383 8.600300
1.639177 9.548410
2.586366 9.742767
1.906860 9.232693
1.361272 6.848417
2.638198 4.915406
1.608903 6.214815
1.751308 7.854741
1.652019 8.469326
1.771458 9.223642
2.047456 10.910628
2.301339 8.940727
1.834791 6.984910
2.514230 9.560693
1.436116 6.575123
2.160521 10.649962
2.264241 8.078040
1.452071 9.468331
1.593007 7.274014
1.629550 8.218074
2.598797 11.348508
2.312511 8.004013
2.398773 10.801517
1.895344 8.117852
1.938246 7.193038
2.090965 17.617245
2.145708 8.659954
1.997816 7.875733
2.594131 9.282057
2.653716 9.359737
2.535380 9.395432
1.659168 6.214352
2.172004 8.844714
2.166746 8.472727
1.604775 7.243122
1.942359 6.367418
2.080067 7.666143
2.523172 8.286193
1.938669 7.242403
1.330425 5.737994
2.274532 7.845791
2.066627 7.502402
1.899016 9.156891
2.525855 9.308201
1.788132 8.241664
2.707515 10.572919
1.694263 7.815948
1.999594 7.007386
2.437104 7.299795
2.451611 9.088633
2.346645 7.301799
1.965600 5.611405
1.989765 6.485562
2.077946 8.270481
1.977978 6.658361
2.784343 8.983430
2.291179 10.211080
2.232774 8.437664
2.204342 9.149538
2.118960 6.666927
2.520006 8.219777
2.292914 9.188551
2.604141 8.797494
2.299055 8.185834

